15466	13361	0.990558
13361	15466	0.990558
3146	24052	0.995205
24052	3146	0.995205
24037	8418	0.990297
8418	24037	0.990297
24037	6357	0.990015
6357	24037	0.990015
24037	1385	0.994109
1385	24037	0.994109
1508	3542	0.990448
3542	1508	0.990448
24241	15901	0.990373
15901	24241	0.990373
24241	14797	0.990087
14797	24241	0.990087
22109	19023	0.990066
19023	22109	0.990066
22109	18736	0.990514
18736	22109	0.990514
22109	14848	1.000000
14848	22109	1.000000
22109	12484	0.990407
12484	22109	0.990407
22109	4593	0.991138
4593	22109	0.991138
22109	18525	0.991104
18525	22109	0.991104
17478	6124	0.990431
6124	17478	0.990431
18571	9023	0.990783
9023	18571	0.990783
15992	2066	0.991487
2066	15992	0.991487
15992	3271	0.990734
3271	15992	0.990734
15992	5324	0.990580
5324	15992	0.990580
15992	22241	0.994067
22241	15992	0.994067
8418	10204	0.992875
10204	8418	0.992875
631	5283	0.991068
5283	631	0.991068
3640	10623	0.990197
10623	3640	0.990197
7026	9856	0.991701
9856	7026	0.991701
7026	10133	0.990598
10133	7026	0.990598
13527	22748	0.990131
22748	13527	0.990131
14157	18297	0.990541
18297	14157	0.990541
14157	8605	0.990025
8605	14157	0.990025
14157	18961	0.990037
18961	14157	0.990037
23818	24442	0.990740
24442	23818	0.990740
23818	619	0.991333
619	23818	0.991333
23818	23614	0.991149
23614	23818	0.991149
11727	7286	0.991821
7286	11727	0.991821
17360	3003	0.990900
3003	17360	0.990900
17360	20378	0.990721
20378	17360	0.990721
17360	4613	0.990286
4613	17360	0.990286
17360	2234	0.991908
2234	17360	0.991908
17606	19872	0.990964
19872	17606	0.990964
11249	7286	0.992220
7286	11249	0.992220
11249	22932	0.991282
22932	11249	0.991282
6266	20961	0.990293
20961	6266	0.990293
6266	13833	0.990573
13833	6266	0.990573
24835	22	0.990862
22	24835	0.990862
8632	18126	0.990437
18126	8632	0.990437
8632	22932	0.990998
22932	8632	0.990998
24536	22801	0.990723
22801	24536	0.990723
24536	11649	0.991923
11649	24536	0.991923
10774	20041	0.990944
20041	10774	0.990944
23664	10471	0.990043
10471	23664	0.990043
11014	17521	1.000000
17521	11014	1.000000
8359	13505	0.990680
13505	8359	0.990680
8359	9046	0.993136
9046	8359	0.993136
15657	15519	0.992728
15519	15657	0.992728
15657	11803	0.990032
11803	15657	0.990032
16938	19023	0.991117
19023	16938	0.991117
16938	20567	0.990244
20567	16938	0.990244
2103	5283	0.990539
5283	2103	0.990539
2103	13427	0.990308
13427	2103	0.990308
19023	18484	0.991208
18484	19023	0.991208
19023	14848	0.990066
14848	19023	0.990066
13781	14306	0.990026
14306	13781	0.990026
13781	7556	0.990651
7556	13781	0.990651
6357	9896	0.991675
9896	6357	0.991675
9588	12500	0.990370
12500	9588	0.990370
23439	8011	0.991097
8011	23439	0.991097
23439	8637	0.990334
8637	23439	0.990334
23439	19166	0.992299
19166	23439	0.992299
12406	5283	0.990302
5283	12406	0.990302
12406	19343	0.990311
19343	12406	0.990311
12406	18069	0.991290
18069	12406	0.991290
8548	1246	0.991642
1246	8548	0.991642
8548	4725	1.000000
4725	8548	1.000000
5761	3416	0.992211
3416	5761	0.992211
9537	20813	0.990371
20813	9537	0.990371
9537	8505	1.000000
8505	9537	1.000000
11938	7222	0.990069
7222	11938	0.990069
2640	21340	0.990324
21340	2640	0.990324
20453	8391	0.990369
8391	20453	0.990369
3481	22491	0.991643
22491	3481	0.991643
3481	2279	0.991175
2279	3481	0.991175
5692	19343	0.990213
19343	5692	0.990213
5692	7059	0.991143
7059	5692	0.991143
5692	23760	0.990594
23760	5692	0.990594
17756	16935	0.991371
16935	17756	0.991371
5892	21382	0.990429
21382	5892	0.990429
14749	24887	0.992020
24887	14749	0.992020
617	19070	0.990849
19070	617	0.990849
24465	1317	0.990509
1317	24465	0.990509
1057	9643	0.991708
9643	1057	0.991708
1057	21228	0.991010
21228	1057	0.991010
1057	8391	0.991011
8391	1057	0.991011
909	11706	0.990084
11706	909	0.990084
9354	16316	0.991619
16316	9354	0.991619
9354	18799	0.990563
18799	9354	0.990563
9354	20840	0.992042
20840	9354	0.992042
24443	21633	0.992718
21633	24443	0.992718
24443	9338	0.990332
9338	24443	0.990332
4229	4186	0.991666
4186	4229	0.991666
4229	14429	0.990118
14429	4229	0.990118
4229	24126	0.990295
24126	4229	0.990295
7090	2709	0.991155
2709	7090	0.991155
14047	20419	0.991157
20419	14047	0.991157
6225	8637	0.992101
8637	6225	0.992101
6225	12331	0.990664
12331	6225	0.990664
7111	3574	0.990920
3574	7111	0.990920
1920	2210	0.992040
2210	1920	0.992040
1920	14999	0.990431
14999	1920	0.990431
1920	20807	0.990070
20807	1920	0.990070
1920	20567	0.990051
20567	1920	0.990051
1920	13610	0.990479
13610	1920	0.990479
1920	6932	0.990470
6932	1920	0.990470
1920	3436	0.990489
3436	1920	0.990489
1920	24468	0.993335
24468	1920	0.993335
1920	20010	0.992005
20010	1920	0.992005
1920	23296	0.993004
23296	1920	0.993004
1920	19403	0.990718
19403	1920	0.990718
1920	2013	0.990149
2013	1920	0.990149
1920	12914	0.993514
12914	1920	0.993514
9185	13140	0.990980
13140	9185	0.990980
9185	4349	0.991060
4349	9185	0.991060
9185	3735	0.990925
3735	9185	0.990925
9185	10266	0.992662
10266	9185	0.992662
9185	23296	0.990870
23296	9185	0.990870
9185	9315	0.990570
9315	9185	0.990570
9185	5429	0.990306
5429	9185	0.990306
13140	5429	0.993664
5429	13140	0.993664
7532	16439	0.990275
16439	7532	0.990275
11624	18736	0.991502
18736	11624	0.991502
11624	10245	0.990140
10245	11624	0.990140
11624	8011	0.991152
8011	11624	0.991152
11624	22801	0.990195
22801	11624	0.990195
11624	11649	0.991025
11649	11624	0.991025
11624	10392	0.991703
10392	11624	0.991703
11624	18525	0.994510
18525	11624	0.994510
11624	6580	0.991709
6580	11624	0.991709
9922	9907	0.991419
9907	9922	0.991419
9922	6205	0.990318
6205	9922	0.990318
9922	22384	0.992253
22384	9922	0.992253
7034	16638	0.990342
16638	7034	0.990342
7034	22	0.990094
22	7034	0.990094
15335	2210	0.990406
2210	15335	0.990406
15335	4849	0.991068
4849	15335	0.991068
21633	4186	0.991862
4186	21633	0.991862
21633	9898	0.991944
9898	21633	0.991944
4186	16558	0.990652
16558	4186	0.990652
4186	7439	0.992142
7439	4186	0.992142
1308	14429	0.991407
14429	1308	0.991407
1308	6403	0.990150
6403	1308	0.990150
1308	4198	0.991906
4198	1308	0.991906
10427	10680	0.990333
10680	10427	0.990333
10127	13103	0.990726
13103	10127	0.990726
10127	12331	0.991664
12331	10127	0.991664
19554	5283	0.990179
5283	19554	0.990179
19554	13427	0.990292
13427	19554	0.990292
19785	9896	0.992081
9896	19785	0.992081
19785	19624	0.991402
19624	19785	0.991402
8630	14999	0.991225
14999	8630	0.991225
8630	20807	0.990855
20807	8630	0.990855
8630	23296	0.992995
23296	8630	0.992995
18736	14848	0.990514
14848	18736	0.990514
18736	17132	0.990682
17132	18736	0.990682
18736	18525	0.993178
18525	18736	0.993178
15439	7633	0.991683
7633	15439	0.991683
16591	15901	0.999738
15901	16591	0.999738
15941	24752	0.991636
24752	15941	0.991636
15941	16851	0.990284
16851	15941	0.990284
15941	3271	0.990548
3271	15941	0.990548
284	20807	0.990471
20807	284	0.990471
284	4349	0.993261
4349	284	0.993261
284	21226	0.990247
21226	284	0.990247
284	3735	0.991788
3735	284	0.991788
284	10266	0.991792
10266	284	0.991792
284	9315	0.991826
9315	284	0.991826
10346	18799	0.991259
18799	10346	0.991259
5665	3652	0.990844
3652	5665	0.990844
5665	24442	0.990254
24442	5665	0.990254
18484	19320	0.990057
19320	18484	0.990057
23012	11639	0.990901
11639	23012	0.990901
6973	9958	0.991854
9958	6973	0.991854
5283	24150	0.990456
24150	5283	0.990456
5283	15660	0.991011
15660	5283	0.991011
5283	5889	0.993454
5889	5283	0.993454
5283	3462	0.990041
3462	5283	0.990041
5283	23760	0.990759
23760	5283	0.990759
23826	9315	0.990302
9315	23826	0.990302
22624	13004	0.990581
13004	22624	0.990581
22624	22897	1.000000
22897	22624	1.000000
11966	4434	0.992581
4434	11966	0.992581
18012	22635	0.992186
22635	18012	0.992186
18012	16439	0.991421
16439	18012	0.991421
14128	8493	0.991440
8493	14128	0.991440
18470	24442	0.990345
24442	18470	0.990345
24752	53	0.990518
53	24752	0.990518
24752	11872	0.990443
11872	24752	0.990443
24752	16851	0.993088
16851	24752	0.993088
24752	3271	0.993666
3271	24752	0.993666
24752	22241	0.992865
22241	24752	0.992865
24752	20754	0.991573
20754	24752	0.991573
9856	5274	0.992347
5274	9856	0.992347
9856	7210	0.993024
7210	9856	0.993024
2709	14532	0.990367
14532	2709	0.990367
2709	13833	0.990831
13833	2709	0.990831
18067	15128	0.991393
15128	18067	0.991393
11706	17371	0.990959
17371	11706	0.990959
11706	6967	0.992822
6967	11706	0.992822
11706	17373	0.993292
17373	11706	0.993292
11706	23446	0.991678
23446	11706	0.991678
20159	14797	0.990859
14797	20159	0.990859
9510	19248	0.990107
19248	9510	0.990107
9510	24984	0.990386
24984	9510	0.990386
5921	22995	0.991039
22995	5921	0.991039
5921	8859	0.990005
8859	5921	0.990005
14454	13468	0.991379
13468	14454	0.991379
2210	13610	0.990078
13610	2210	0.990078
2210	12914	0.991033
12914	2210	0.991033
20063	2279	0.990576
2279	20063	0.990576
4935	5449	0.990720
5449	4935	0.990720
24533	22849	0.992087
22849	24533	0.992087
24533	1398	0.995478
1398	24533	0.995478
24533	4928	0.990084
4928	24533	0.990084
24533	19126	0.991059
19126	24533	0.991059
24533	3974	0.991817
3974	24533	0.991817
19763	5323	0.992360
5323	19763	0.992360
19763	1274	0.992063
1274	19763	0.992063
9643	16638	0.992669
16638	9643	0.992669
9643	21228	0.999435
21228	9643	0.999435
9643	22	0.991097
22	9643	0.991097
9643	184	0.991074
184	9643	0.991074
2954	4845	0.990791
4845	2954	0.990791
4606	6574	0.991027
6574	4606	0.991027
15029	12137	0.991446
12137	15029	0.991446
10680	21225	0.990043
21225	10680	0.990043
10680	1989	0.993549
1989	10680	0.993549
17838	24514	0.990209
24514	17838	0.990209
14999	4349	0.991233
4349	14999	0.991233
14999	4518	0.991771
4518	14999	0.991771
14999	23296	0.992193
23296	14999	0.992193
5379	19956	0.990578
19956	5379	0.990578
16316	9896	0.992363
9896	16316	0.992363
16316	12659	0.990157
12659	16316	0.990157
16316	3416	0.990466
3416	16316	0.990466
14848	12484	0.990407
12484	14848	0.990407
14848	4593	0.991138
4593	14848	0.991138
14848	18525	0.991104
18525	14848	0.991104
10859	9620	0.990585
9620	10859	0.990585
10859	2980	0.991001
2980	10859	0.991001
23929	2445	0.991864
2445	23929	0.991864
23929	22278	0.990338
22278	23929	0.990338
21848	14023	0.990549
14023	21848	0.990549
21848	21340	0.990018
21340	21848	0.990018
17332	3003	0.993924
3003	17332	0.993924
17332	19685	0.990710
19685	17332	0.990710
17332	16292	0.991724
16292	17332	0.991724
17332	24440	0.990313
24440	17332	0.990313
17332	4045	0.993082
4045	17332	0.993082
17332	3974	0.991750
3974	17332	0.991750
17332	13833	0.990256
13833	17332	0.990256
16638	21228	0.991723
21228	16638	0.991723
24150	14743	0.990085
14743	24150	0.990085
24150	15660	0.991738
15660	24150	0.991738
24150	5889	0.991119
5889	24150	0.991119
24150	19249	0.991775
19249	24150	0.991775
24150	22350	0.991950
22350	24150	0.991950
5207	18961	0.991346
18961	5207	0.991346
17371	7286	0.990491
7286	17371	0.990491
17371	16955	0.990070
16955	17371	0.990070
17371	8789	0.994273
8789	17371	0.994273
3192	9054	0.990548
9054	3192	0.990548
3192	2253	0.990013
2253	3192	0.990013
14936	4349	0.990135
4349	14936	0.990135
20807	4349	0.991042
4349	20807	0.991042
20807	12288	0.991745
12288	20807	0.991745
20807	23296	0.991602
23296	20807	0.991602
20807	9315	0.993426
9315	20807	0.993426
7222	13699	0.990533
13699	7222	0.990533
7222	13208	0.992029
13208	7222	0.992029
7222	20961	0.990030
20961	7222	0.990030
7222	3171	0.993045
3171	7222	0.993045
7222	16240	0.990304
16240	7222	0.990304
24206	5010	0.991477
5010	24206	0.991477
5120	2152	0.990123
2152	5120	0.990123
12882	20340	0.991222
20340	12882	0.991222
22995	8859	0.990938
8859	22995	0.990938
2847	802	0.990436
802	2847	0.990436
2847	10204	0.990366
10204	2847	0.990366
2847	21839	0.990365
21839	2847	0.990365
2847	2560	0.990451
2560	2847	0.990451
2847	937	0.990081
937	2847	0.990081
9867	22801	0.990115
22801	9867	0.990115
13797	20194	0.991291
20194	13797	0.991291
20751	15208	0.990526
15208	20751	0.990526
20751	18274	0.991547
18274	20751	0.991547
3605	20813	0.990246
20813	3605	0.990246
14041	22801	0.992104
22801	14041	0.992104
14041	12659	0.990108
12659	14041	0.990108
14041	11649	0.990939
11649	14041	0.990939
5915	8621	0.991340
8621	5915	0.991340
5915	2377	0.990699
2377	5915	0.990699
8528	24440	0.990573
24440	8528	0.990573
8528	10469	0.992287
10469	8528	0.992287
8528	16955	0.992846
16955	8528	0.992846
17132	22801	0.990587
22801	17132	0.990587
17132	11649	0.992227
11649	17132	0.992227
17132	10392	0.990265
10392	17132	0.990265
17132	18525	0.990511
18525	17132	0.990511
17132	22932	0.990272
22932	17132	0.990272
1122	15241	0.991452
15241	1122	0.991452
17971	22742	0.990450
22742	17971	0.990450
17971	7633	0.994431
7633	17971	0.994431
17971	273	0.992134
273	17971	0.992134
18009	3002	1.000000
3002	18009	1.000000
4349	20567	0.990247
20567	4349	0.990247
4349	13610	0.991099
13610	4349	0.991099
4349	6932	0.991895
6932	4349	0.991895
4349	3735	0.992051
3735	4349	0.992051
4349	6403	0.990256
6403	4349	0.990256
4349	10266	0.991070
10266	4349	0.991070
4349	23296	0.993600
23296	4349	0.993600
4349	9315	0.993564
9315	4349	0.993564
4349	15236	0.991635
15236	4349	0.991635
53	3271	0.991437
3271	53	0.991437
5146	3574	0.991435
3574	5146	0.991435
5146	5973	0.990658
5973	5146	0.990658
10324	22801	0.990864
22801	10324	0.990864
10324	11649	0.990252
11649	10324	0.990252
10324	5249	0.990686
5249	10324	0.990686
13699	3171	0.991182
3171	13699	0.991182
13699	19325	0.990061
19325	13699	0.990061
13699	19761	0.990579
19761	13699	0.990579
1078	12555	0.990460
12555	1078	0.990460
1078	14516	0.990808
14516	1078	0.990808
9367	16634	0.990001
16634	9367	0.990001
9367	13103	0.992114
13103	9367	0.992114
22962	148	0.990436
148	22962	0.990436
24764	539	0.991430
539	24764	0.991430
21131	17467	0.991813
17467	21131	0.991813
14498	4518	0.990360
4518	14498	0.990360
5845	3003	0.991352
3003	5845	0.991352
5845	724	0.990499
724	5845	0.990499
5845	21381	0.990944
21381	5845	0.990944
5845	16701	0.990437
16701	5845	0.990437
18645	24653	0.990718
24653	18645	0.990718
6967	16634	0.990074
16634	6967	0.990074
6967	16955	0.991024
16955	6967	0.991024
6967	8637	0.990971
8637	6967	0.990971
6967	23446	0.991467
23446	6967	0.991467
20055	16212	0.990186
16212	20055	0.990186
13004	22897	0.990581
22897	13004	0.990581
9054	1206	0.990084
1206	9054	0.990084
9054	7304	0.991688
7304	9054	0.991688
17916	16634	0.991433
16634	17916	0.991433
17916	15680	0.991136
15680	17916	0.991136
17916	21250	0.992024
21250	17916	0.992024
11315	3974	0.991566
3974	11315	0.991566
13085	24468	0.992758
24468	13085	0.992758
13085	11692	0.991354
11692	13085	0.991354
15660	5889	0.990681
5889	15660	0.990681
6745	15236	0.991838
15236	6745	0.991838
5456	13935	0.991113
13935	5456	0.991113
5456	18862	0.992392
18862	5456	0.992392
16940	432	0.990850
432	16940	0.990850
23777	16360	0.991298
16360	23777	0.991298
19258	6000	0.991187
6000	19258	0.991187
19258	15519	0.992027
15519	19258	0.992027
19258	24409	0.990490
24409	19258	0.990490
19258	4621	0.990788
4621	19258	0.990788
18587	11377	0.990239
11377	18587	0.990239
14408	19325	0.992277
19325	14408	0.992277
10394	16894	0.990790
16894	10394	0.990790
10394	19460	0.990708
19460	10394	0.990708
10204	21839	0.990456
21839	10204	0.990456
10204	21228	0.990331
21228	10204	0.990331
10204	8323	0.990244
8323	10204	0.990244
14429	7356	0.991367
7356	14429	0.991367
14429	2066	0.991219
2066	14429	0.991219
14429	4045	0.990158
4045	14429	0.990158
5092	4957	0.990486
4957	5092	0.990486
7795	12401	0.990445
12401	7795	0.990445
6402	1890	0.990240
1890	6402	0.990240
23397	13610	0.990118
13610	23397	0.990118
23397	2092	0.992112
2092	23397	0.992112
18799	20840	0.990668
20840	18799	0.990668
22478	19919	0.990117
19919	22478	0.990117
13505	24953	0.991666
24953	13505	0.991666
21938	13791	0.992814
13791	21938	0.992814
21938	22932	0.992285
22932	21938	0.992285
24577	24468	0.990720
24468	24577	0.990720
3003	19685	0.991544
19685	3003	0.991544
3003	16292	0.990343
16292	3003	0.990343
3003	10266	0.990289
10266	3003	0.990289
3003	24440	0.991490
24440	3003	0.991490
3003	4045	0.992490
4045	3003	0.992490
3003	16701	0.992153
16701	3003	0.992153
3003	15547	0.991158
15547	3003	0.991158
11872	5117	0.993312
5117	11872	0.993312
19808	9777	0.992373
9777	19808	0.992373
8011	10392	0.991217
10392	8011	0.991217
11167	4508	1.000000
4508	11167	1.000000
20283	18671	0.990570
18671	20283	0.990570
20283	15236	0.990535
15236	20283	0.990535
23462	12484	0.990433
12484	23462	0.990433
3714	22054	0.991271
22054	3714	0.991271
3714	13103	0.990445
13103	3714	0.990445
3714	8637	0.991804
8637	3714	0.991804
3714	10896	0.994584
10896	3714	0.994584
3714	6580	0.992285
6580	3714	0.992285
24953	14023	0.991367
14023	24953	0.991367
24953	9046	0.991470
9046	24953	0.991470
24953	16439	0.991616
16439	24953	0.991616
20668	8323	0.991238
8323	20668	0.991238
8110	22851	0.992885
22851	8110	0.992885
22665	6689	0.993239
6689	22665	0.993239
22665	16851	0.990324
16851	22665	0.990324
22665	1488	0.991888
1488	22665	0.991888
6574	731	0.990655
731	6574	0.990655
18992	937	0.990540
937	18992	0.990540
7286	1425	0.990373
1425	7286	0.990373
7286	8637	0.991598
8637	7286	0.991598
7286	19166	0.991230
19166	7286	0.991230
13502	9815	0.990259
9815	13502	0.990259
11877	20479	0.993114
20479	11877	0.993114
1246	4725	0.991642
4725	1246	0.991642
13208	22345	0.992004
22345	13208	0.992004
12288	5189	0.992118
5189	12288	0.992118
15128	21054	0.992234
21054	15128	0.992234
15128	22801	0.990743
22801	15128	0.990743
1425	21371	0.991355
21371	1425	0.991355
18352	1917	0.990980
1917	18352	0.990980
22851	22380	0.990278
22380	22851	0.990278
5889	6403	0.990147
6403	5889	0.990147
5889	5323	0.990463
5323	5889	0.990463
11502	9315	0.990829
9315	11502	0.990829
13610	2066	0.992168
2066	13610	0.992168
13610	9620	0.991755
9620	13610	0.991755
13610	4518	0.990918
4518	13610	0.990918
13610	2253	0.991536
2253	13610	0.991536
13610	22380	0.990240
22380	13610	0.990240
13610	12914	0.992905
12914	13610	0.992905
13610	11475	0.994226
11475	13610	0.994226
21054	11649	0.991130
11649	21054	0.991130
6932	23296	0.992288
23296	6932	0.992288
6932	22380	0.990538
22380	6932	0.990538
20961	3171	0.990507
3171	20961	0.990507
20961	5117	0.992127
5117	20961	0.992127
20961	2253	0.991215
2253	20961	0.991215
20961	15547	0.990425
15547	20961	0.990425
20961	13833	0.990232
13833	20961	0.990232
8863	12821	0.991730
12821	8863	0.991730
10264	15519	0.993401
15519	10264	0.993401
10264	24409	0.990471
24409	10264	0.990471
22635	18562	0.991990
18562	22635	0.991990
14023	21340	0.990608
21340	14023	0.990608
14023	18126	0.990702
18126	14023	0.990702
14023	1273	0.990534
1273	14023	0.990534
5333	19872	0.991172
19872	5333	0.991172
2560	937	0.990674
937	2560	0.990674
4351	4198	0.992778
4198	4351	0.992778
22091	19126	0.990579
19126	22091	0.990579
3735	10266	0.993932
10266	3735	0.993932
3735	8385	0.991857
8385	3735	0.991857
3735	9315	0.990378
9315	3735	0.990378
3735	19682	0.990903
19682	3735	0.990903
3735	15236	0.990484
15236	3735	0.990484
21083	933	0.991217
933	21083	0.991217
21098	23840	0.992032
23840	21098	0.992032
12555	16240	0.993275
16240	12555	0.993275
9896	1647	0.990374
1647	9896	0.990374
9896	19324	0.990394
19324	9896	0.990394
6403	3462	0.992840
3462	6403	0.992840
6403	22380	0.991514
22380	6403	0.991514
15173	11367	0.990157
11367	15173	0.990157
13731	15392	1.000000
15392	13731	1.000000
17688	22588	0.990598
22588	17688	0.990598
6028	11303	0.990032
11303	6028	0.990032
13494	22523	0.991852
22523	13494	0.991852
20311	13425	0.991492
13425	20311	0.991492
7620	12659	0.990124
12659	7620	0.990124
22801	7668	0.990307
7668	22801	0.990307
22801	23296	0.991117
23296	22801	0.991117
22801	11649	0.993020
11649	22801	0.993020
15519	24409	0.994109
24409	15519	0.994109
15519	11803	0.990701
11803	15519	0.990701
20813	8505	0.990371
8505	20813	0.990371
20813	3416	0.990527
3416	20813	0.990527
10266	1398	0.991564
1398	10266	0.991564
10266	9315	0.993495
9315	10266	0.993495
21228	184	0.991201
184	21228	0.991201
24126	3271	0.990599
3271	24126	0.990599
20746	24777	0.990336
24777	20746	0.990336
19343	19872	0.991810
19872	19343	0.991810
24663	7402	0.990218
7402	24663	0.990218
20340	21250	0.990667
21250	20340	0.990667
20340	10896	0.990309
10896	20340	0.990309
7059	19306	0.990143
19306	7059	0.990143
3436	24468	0.990837
24468	3436	0.990837
10181	11457	0.994579
11457	10181	0.994579
22370	8859	0.994486
8859	22370	0.994486
24468	20010	0.990759
20010	24468	0.990759
24468	5189	0.991829
5189	24468	0.991829
24468	24267	0.990371
24267	24468	0.990371
24468	11692	0.991242
11692	24468	0.991242
12659	11649	0.991820
11649	12659	0.991820
12659	18525	0.990975
18525	12659	0.990975
15102	19460	0.992031
19460	15102	0.992031
9415	24579	0.990350
24579	9415	0.990350
2851	273	0.990642
273	2851	0.990642
2337	5556	0.990699
5556	2337	0.990699
3707	24409	0.991765
24409	3707	0.991765
18297	23260	0.990561
23260	18297	0.990561
7356	2066	0.991832
2066	7356	0.991832
7356	1692	0.990133
1692	7356	0.990133
7356	18066	0.990677
18066	7356	0.990677
20010	23296	0.991352
23296	20010	0.991352
20010	1652	0.990574
1652	20010	0.990574
3240	21305	0.990814
21305	3240	0.990814
1783	23296	0.992021
23296	1783	0.992021
22742	7633	0.990933
7633	22742	0.990933
2066	16243	0.991386
16243	2066	0.991386
2066	22241	0.992916
22241	2066	0.992916
9620	11475	0.992191
11475	9620	0.992191
22054	10896	0.991024
10896	22054	0.991024
14797	12230	0.990864
12230	14797	0.990864
5010	8801	0.990365
8801	5010	0.990365
937	10617	0.990578
10617	937	0.990578
937	1652	0.992211
1652	937	0.992211
937	19126	0.991230
19126	937	0.991230
8562	16243	0.990700
16243	8562	0.990700
18585	8080	0.990560
8080	18585	0.990560
21340	18126	0.990606
18126	21340	0.990606
24705	16439	0.990171
16439	24705	0.990171
567	16636	0.990325
16636	567	0.990325
8604	22350	0.990053
22350	8604	0.990053
4928	15250	0.991320
15250	4928	0.991320
7914	3974	0.991089
3974	7914	0.991089
4518	1142	0.990715
1142	4518	0.990715
12293	15479	0.990523
15479	12293	0.990523
6360	24333	1.000000
24333	6360	1.000000
3171	16240	0.993276
16240	3171	0.993276
3171	19325	0.990670
19325	3171	0.990670
10469	16955	0.991283
16955	10469	0.991283
3416	12149	0.990822
12149	3416	0.990822
3416	20272	0.990002
20272	3416	0.990002
23296	11649	0.991084
11649	23296	0.991084
23296	9315	0.991329
9315	23296	0.991329
24218	19872	0.993334
19872	24218	0.993334
11649	18525	0.990098
18525	11649	0.990098
11649	1890	0.990699
1890	11649	0.990699
4593	12331	0.990772
12331	4593	0.990772
4593	22237	0.991322
22237	4593	0.991322
81	18071	0.991318
18071	81	0.991318
9284	13732	0.990828
13732	9284	0.990828
3652	3974	0.991913
3974	3652	0.991913
12611	12401	0.990615
12401	12611	0.990615
9315	18711	0.990375
18711	9315	0.990375
9315	15236	0.990166
15236	9315	0.990166
16851	20754	0.990148
20754	16851	0.990148
13103	10896	0.991387
10896	13103	0.991387
13103	12331	0.993312
12331	13103	0.993312
3537	19325	0.990698
19325	3537	0.990698
10392	18525	0.990514
18525	10392	0.990514
10392	13791	0.993308
13791	10392	0.993308
10392	22932	0.990718
22932	10392	0.990718
3271	22241	0.991633
22241	3271	0.991633
3271	20754	0.994334
20754	3271	0.994334
1168	1274	0.992717
1274	1168	0.992717
1168	8627	0.991555
8627	1168	0.991555
17435	2279	0.991253
2279	17435	0.991253
18396	22345	0.990858
22345	18396	0.990858
2698	18066	0.990448
18066	2698	0.990448
19956	20271	0.990328
20271	19956	0.990328
24409	8236	0.990553
8236	24409	0.990553
18343	11692	0.990116
11692	18343	0.990116
20941	13922	0.990350
13922	20941	0.990350
4045	15547	0.991921
15547	4045	0.991921
5403	19460	0.990688
19460	5403	0.990688
13935	18862	0.992864
18862	13935	0.992864
951	20194	0.990373
20194	951	0.990373
4985	21696	0.990781
21696	4985	0.990781
1274	15980	0.990023
15980	1274	0.990023
1274	8627	0.992202
8627	1274	0.992202
18525	1890	0.990253
1890	18525	0.990253
18525	6580	0.990152
6580	18525	0.990152
10179	5299	0.990414
5299	10179	0.990414
10179	22350	0.990754
22350	10179	0.990754
15401	11475	0.991667
11475	15401	0.991667
18071	19872	0.990312
19872	18071	0.990312
18126	13791	0.991881
13791	18126	0.991881
8637	19166	0.990550
19166	8637	0.990550
8637	10896	0.992949
10896	8637	0.992949
8637	12331	0.990231
12331	8637	0.990231
7657	2107	0.991090
2107	7657	0.991090
19166	9958	0.990721
9958	19166	0.990721
15208	20725	0.992281
20725	15208	0.992281
13791	22932	0.991165
22932	13791	0.991165
15980	8627	0.992299
8627	15980	0.992299
184	8236	0.991185
8236	184	0.991185
2291	9471	0.991214
9471	2291	0.991214
10896	6580	0.990523
6580	10896	0.990523
5299	3667	0.993030
3667	5299	0.993030
5299	22350	0.991714
22350	5299	0.991714
17048	22237	0.990668
22237	17048	0.990668
19856	11692	0.991374
11692	19856	0.991374
14516	2107	0.991899
2107	14516	0.991899
1273	24562	0.990377
24562	1273	0.990377
9471	3974	0.990248
3974	9471	0.990248
15002	16366	0.991443
16366	15002	0.991443
17175	16692	0.991446
16692	17175	0.991446
15940	11720	0.992731
11720	15940	0.992731
22603	9213	0.990901
9213	22603	0.990901
19138	8285	0.990250
8285	19138	0.990250
19138	9089	0.990497
9089	19138	0.990497
18389	20878	0.990996
20878	18389	0.990996
20878	183	0.992344
183	20878	0.992344
833	10240	0.990309
10240	833	0.990309
10514	23293	0.990147
23293	10514	0.990147
11720	10838	0.990993
10838	11720	0.990993
4615	9213	0.990659
9213	4615	0.990659
23783	10838	0.991275
10838	23783	0.991275
13330	1678	0.990399
1678	13330	0.990399
1678	3299	0.990329
3299	1678	0.990329
2765	23391	0.993169
23391	2765	0.993169
22217	13507	0.990287
13507	22217	0.990287
22217	6535	0.991781
6535	22217	0.991781
24130	9064	0.990093
9064	24130	0.990093
14437	22726	0.990484
22726	14437	0.990484
13507	9236	0.991064
9236	13507	0.991064
7898	6687	0.991212
6687	7898	0.991212
7898	4	0.990955
4	7898	0.990955
23701	20620	0.994389
20620	23701	0.994389
6535	12504	0.990917
12504	6535	0.990917
9321	4078	0.993862
4078	9321	0.993862
9321	20620	0.990242
20620	9321	0.990242
6687	3789	0.991615
3789	6687	0.991615
9236	13815	0.990357
13815	9236	0.990357
13816	13815	0.990338
13815	13816	0.990338
20620	20306	0.992078
20306	20620	0.992078
16045	18723	0.990481
18723	16045	0.990481
12190	15108	0.990570
15108	12190	0.990570
12190	13210	0.991803
13210	12190	0.991803
12287	20423	0.990647
20423	12287	0.990647
12287	9899	0.991913
9899	12287	0.991913
12287	795	0.992008
795	12287	0.992008
12287	19489	0.990366
19489	12287	0.990366
21	13162	0.991189
13162	21	0.991189
17094	23658	0.991139
23658	17094	0.991139
16134	13044	0.991862
13044	16134	0.991862
21064	2155	0.991409
2155	21064	0.991409
2923	14377	0.993457
14377	2923	0.993457
2923	15568	0.990204
15568	2923	0.990204
2923	4988	0.990082
4988	2923	0.990082
2923	12850	0.990608
12850	2923	0.990608
15247	23469	0.990256
23469	15247	0.990256
15247	1594	0.992261
1594	15247	0.992261
15247	10764	0.990832
10764	15247	0.990832
22858	3694	0.991855
3694	22858	0.991855
22858	8163	0.990417
8163	22858	0.990417
20423	8648	0.991406
8648	20423	0.991406
23658	9899	0.990738
9899	23658	0.990738
23658	17448	0.990533
17448	23658	0.990533
23658	13136	0.990692
13136	23658	0.990692
23658	22926	0.990651
22926	23658	0.990651
23658	14872	0.990167
14872	23658	0.990167
23658	23148	0.990142
23148	23658	0.990142
23658	16800	0.992484
16800	23658	0.992484
23658	8648	0.991369
8648	23658	0.991369
460	21085	0.990044
21085	460	0.990044
460	17419	0.990323
17419	460	0.990323
460	14891	0.990899
14891	460	0.990899
460	10784	0.991932
10784	460	0.991932
460	20215	0.991772
20215	460	0.991772
11080	15108	0.991406
15108	11080	0.991406
11080	24013	0.991696
24013	11080	0.991696
11080	23992	0.990166
23992	11080	0.990166
15108	24013	0.990083
24013	15108	0.990083
15108	9464	0.990688
9464	15108	0.990688
21085	13162	0.990287
13162	21085	0.990287
21085	8998	0.990581
8998	21085	0.990581
21085	8953	0.991585
8953	21085	0.991585
21085	22505	0.990132
22505	21085	0.990132
21085	11758	0.993076
11758	21085	0.993076
21085	3694	0.990107
3694	21085	0.990107
21085	20215	0.990290
20215	21085	0.990290
9899	15713	0.990466
15713	9899	0.990466
9899	795	0.991174
795	9899	0.991174
9899	8648	0.991826
8648	9899	0.991826
9899	15270	0.990280
15270	9899	0.990280
22161	10997	0.990745
10997	22161	0.990745
19628	16246	0.991839
16246	19628	0.991839
15713	10997	0.992396
10997	15713	0.992396
683	20345	0.991289
20345	683	0.991289
683	23469	0.990889
23469	683	0.990889
14871	4483	0.990378
4483	14871	0.990378
14871	9326	0.991455
9326	14871	0.991455
14871	3495	0.991777
3495	14871	0.991777
17448	59	0.991628
59	17448	0.991628
15669	23148	0.991479
23148	15669	0.991479
10861	24400	0.990535
24400	10861	0.990535
10861	7075	0.992458
7075	10861	0.992458
10861	21351	0.992467
21351	10861	0.992467
13162	22505	0.990359
22505	13162	0.990359
13162	18512	0.995042
18512	13162	0.995042
13162	8163	0.994041
8163	13162	0.994041
6754	9456	0.991814
9456	6754	0.991814
6754	16800	0.990027
16800	6754	0.990027
21487	11670	0.990191
11670	21487	0.990191
9456	7415	0.990425
7415	9456	0.990425
9456	3495	0.990628
3495	9456	0.990628
17932	13136	0.990016
13136	17932	0.990016
17932	23033	0.992213
23033	17932	0.992213
11670	8916	0.990103
8916	11670	0.990103
11670	22515	0.990336
22515	11670	0.990336
11670	24400	0.990490
24400	11670	0.990490
11670	23141	0.993746
23141	11670	0.993746
11670	12661	0.990507
12661	11670	0.990507
11670	11704	0.990574
11704	11670	0.990574
11670	21351	0.993624
21351	11670	0.993624
6020	11160	0.990692
11160	6020	0.990692
15142	20492	0.991198
20492	15142	0.991198
13136	16097	0.990023
16097	13136	0.990023
13136	23033	0.990111
23033	13136	0.990111
13136	7153	0.990187
7153	13136	0.990187
13136	13715	0.991266
13715	13136	0.991266
17084	6267	0.993197
6267	17084	0.993197
2956	10831	0.990024
10831	2956	0.990024
2956	7415	0.991101
7415	2956	0.991101
22926	15639	0.991307
15639	22926	0.991307
22926	10887	0.990392
10887	22926	0.990392
22926	23148	0.990156
23148	22926	0.990156
22926	15270	0.993476
15270	22926	0.993476
2888	22515	0.990604
22515	2888	0.990604
2888	24400	0.990580
24400	2888	0.990580
14872	16800	0.991632
16800	14872	0.991632
3103	10831	0.990855
10831	3103	0.990855
3103	19489	0.992323
19489	3103	0.992323
15639	23098	0.992411
23098	15639	0.992411
6391	9959	0.991773
9959	6391	0.991773
6391	12850	0.990147
12850	6391	0.990147
8916	18543	0.990065
18543	8916	0.990065
8916	14030	0.992000
14030	8916	0.992000
8998	22505	0.990596
22505	8998	0.990596
8953	22505	0.991649
22505	8953	0.991649
8953	10335	0.993503
10335	8953	0.993503
6267	7993	0.992468
7993	6267	0.992468
14377	15568	0.990772
15568	14377	0.990772
694	15792	0.991637
15792	694	0.991637
694	23141	0.990664
23141	694	0.990664
694	23992	0.990030
23992	694	0.990030
694	20215	0.991991
20215	694	0.991991
15792	23469	0.990939
23469	15792	0.990939
15792	8374	0.992935
8374	15792	0.992935
15792	1594	0.990011
1594	15792	0.990011
15792	20215	0.990457
20215	15792	0.990457
15792	12850	0.990454
12850	15792	0.990454
15792	3495	0.991508
3495	15792	0.991508
23	13715	0.990485
13715	23	0.990485
20070	24013	0.990401
24013	20070	0.990401
15568	8052	0.990110
8052	15568	0.990110
15568	13210	0.990016
13210	15568	0.990016
11177	14030	0.990113
14030	11177	0.990113
24400	193	0.992059
193	24400	0.992059
24400	11704	0.991770
11704	24400	0.991770
24400	59	0.990646
59	24400	0.990646
18512	8163	0.991437
8163	18512	0.991437
16097	7415	0.992131
7415	16097	0.992131
6759	7153	0.991089
7153	6759	0.991089
10831	19489	0.992497
19489	10831	0.992497
10831	10536	0.992411
10536	10831	0.992411
10887	22466	0.990246
22466	10887	0.990246
8052	24013	0.990358
24013	8052	0.990358
8052	13210	0.990930
13210	8052	0.990930
23141	59	0.990315
59	23141	0.990315
23141	13437	0.991121
13437	23141	0.991121
23469	1316	0.990746
1316	23469	0.990746
19489	10997	0.991372
10997	19489	0.991372
19489	10536	0.992019
10536	19489	0.992019
7153	7415	0.993449
7415	7153	0.993449
4988	193	0.992908
193	4988	0.992908
12661	21351	0.991466
21351	12661	0.991466
24013	9326	0.990627
9326	24013	0.990627
24013	23992	0.991107
23992	24013	0.991107
193	21351	0.990432
21351	193	0.990432
13475	12850	0.990458
12850	13475	0.990458
13475	1484	0.991822
1484	13475	0.991822
24770	23449	0.991075
23449	24770	0.991075
24770	4636	0.992693
4636	24770	0.992693
11758	15402	0.990401
15402	11758	0.990401
9326	22456	0.991343
22456	9326	0.991343
3694	20215	0.990862
20215	3694	0.990862
11704	12384	0.991247
12384	11704	0.991247
11704	21351	0.990885
21351	11704	0.990885
23148	15270	0.990953
15270	23148	0.990953
8374	10764	0.990589
10764	8374	0.990589
8374	8648	0.991287
8648	8374	0.991287
12384	21351	0.990036
21351	12384	0.990036
1594	10764	0.992131
10764	1594	0.992131
1594	10163	0.994282
10163	1594	0.994282
1594	22456	0.990556
22456	1594	0.990556
1594	11542	0.990890
11542	1594	0.990890
10764	12850	0.991473
12850	10764	0.991473
10764	10163	0.991060
10163	10764	0.991060
10764	22456	0.990139
22456	10764	0.990139
8648	12850	0.990572
12850	8648	0.990572
12850	10163	0.992429
10163	12850	0.992429
10163	7415	0.993082
7415	10163	0.993082
10163	22456	0.991353
22456	10163	0.991353
10163	11542	0.990380
11542	10163	0.990380
7415	22456	0.991425
22456	7415	0.991425
23107	9874	0.991274
9874	23107	0.991274
20895	11138	0.991907
11138	20895	0.991907
20895	19855	0.992936
19855	20895	0.992936
373	23086	0.991017
23086	373	0.991017
497	15922	0.991030
15922	497	0.991030
5177	9395	0.991307
9395	5177	0.991307
23086	3045	0.991558
3045	23086	0.991558
23086	3937	0.991338
3937	23086	0.991338
23086	14182	0.990860
14182	23086	0.990860
15595	17656	0.992585
17656	15595	0.992585
3045	3937	0.990126
3937	3045	0.990126
3045	23354	0.992632
23354	3045	0.992632
3045	14182	0.990234
14182	3045	0.990234
3045	24463	0.990790
24463	3045	0.990790
6788	21465	0.990004
21465	6788	0.990004
6788	21529	0.991526
21529	6788	0.991526
6758	5923	0.994248
5923	6758	0.994248
15726	12600	0.991092
12600	15726	0.991092
15726	889	0.991404
889	15726	0.991404
2615	6865	0.990010
6865	2615	0.990010
9060	23559	0.990201
23559	9060	0.990201
13102	11408	0.991309
11408	13102	0.991309
13053	9395	0.991108
9395	13053	0.991108
4514	13555	0.991200
13555	4514	0.991200
4514	16178	0.990861
16178	4514	0.990861
11429	23354	0.991133
23354	11429	0.991133
11408	1882	0.990168
1882	11408	0.990168
12106	4617	0.991330
4617	12106	0.991330
15476	12706	0.990292
12706	15476	0.990292
13555	23354	0.990782
23354	13555	0.990782
13555	23559	0.990069
23559	13555	0.990069
5465	23354	0.990205
23354	5465	0.990205
5465	18497	0.990799
18497	5465	0.990799
23354	14182	0.994789
14182	23354	0.994789
23354	18368	0.990404
18368	23354	0.990404
13232	23559	0.990580
23559	13232	0.990580
5264	6865	0.991409
6865	5264	0.991409
22967	24463	0.991440
24463	22967	0.991440
9495	24444	0.990036
24444	9495	0.990036
8689	24463	0.991003
24463	8689	0.991003
20460	1851	0.990762
1851	20460	0.990762
18016	16315	0.991195
16315	18016	0.991195
3218	12891	0.992480
12891	3218	0.992480
97	9760	0.990163
9760	97	0.990163
97	21651	0.990493
21651	97	0.990493
24343	10256	0.991649
10256	24343	0.991649
5150	18893	0.990765
18893	5150	0.990765
8135	19445	0.990917
19445	8135	0.990917
5080	12851	0.992341
12851	5080	0.992341
12587	5721	0.993468
5721	12587	0.993468
12587	24257	0.991555
24257	12587	0.991555
7773	8327	0.990803
8327	7773	0.990803
21502	4066	0.991000
4066	21502	0.991000
5721	12891	0.990031
12891	5721	0.990031
19445	24949	0.991424
24949	19445	0.991424
4109	15292	0.991504
15292	4109	0.991504
4797	24239	0.990975
24239	4797	0.990975
7060	23300	0.992108
23300	7060	0.992108
7060	7694	0.992559
7694	7060	0.992559
5822	16172	0.991478
16172	5822	0.991478
5822	1851	0.990846
1851	5822	0.990846
16172	3173	0.991384
3173	16172	0.991384
16172	1851	0.992376
1851	16172	0.992376
16172	15845	0.992004
15845	16172	0.992004
4015	9256	0.993340
9256	4015	0.993340
10228	20112	0.990371
20112	10228	0.990371
11266	15406	0.990516
15406	11266	0.990516
23597	2226	0.990116
2226	23597	0.990116
12851	19335	0.990173
19335	12851	0.990173
7694	23766	0.991157
23766	7694	0.991157
1851	21496	0.991316
21496	1851	0.991316
8219	10256	0.993101
10256	8219	0.993101
20591	9117	0.990139
9117	20591	0.990139
2379	8962	0.993016
8962	2379	0.993016
3122	24232	0.992628
24232	3122	0.992628
3122	6569	0.990407
6569	3122	0.990407
12952	17779	0.990485
17779	12952	0.990485
11913	15541	0.992644
15541	11913	0.992644
11913	4285	0.990162
4285	11913	0.990162
11913	23019	0.990806
23019	11913	0.990806
11913	15883	0.991633
15883	11913	0.991633
11913	5910	0.990362
5910	11913	0.990362
11913	18588	0.990265
18588	11913	0.990265
11913	10147	0.991548
10147	11913	0.991548
11913	16335	0.991047
16335	11913	0.991047
11913	10977	0.991088
10977	11913	0.991088
11913	4120	0.991082
4120	11913	0.991082
11913	12525	0.992969
12525	11913	0.992969
11913	6781	0.993158
6781	11913	0.993158
11913	9933	0.991568
9933	11913	0.991568
11913	18593	0.991551
18593	11913	0.991551
11913	20722	0.993835
20722	11913	0.993835
17541	17907	0.991970
17907	17541	0.991970
17940	5145	0.990943
5145	17940	0.990943
17940	17232	0.991407
17232	17940	0.991407
17940	22615	0.990630
22615	17940	0.990630
17940	16415	0.991400
16415	17940	0.991400
17940	22210	0.990025
22210	17940	0.990025
17940	7517	0.990647
7517	17940	0.990647
17940	11721	0.991568
11721	17940	0.991568
17940	1554	0.990441
1554	17940	0.990441
17940	15332	0.990977
15332	17940	0.990977
17940	18262	0.991087
18262	17940	0.991087
4261	24881	0.990567
24881	4261	0.990567
4261	9783	0.991843
9783	4261	0.991843
12664	2465	0.990459
2465	12664	0.990459
15935	2727	0.991459
2727	15935	0.991459
15935	11736	0.990930
11736	15935	0.990930
15935	12924	0.990046
12924	15935	0.990046
23127	17470	0.990248
17470	23127	0.990248
23127	14881	0.991658
14881	23127	0.991658
20085	21294	0.990733
21294	20085	0.990733
20085	4007	0.992387
4007	20085	0.992387
20085	9544	0.990204
9544	20085	0.990204
10522	7185	0.990613
7185	10522	0.990613
15745	11189	0.990712
11189	15745	0.990712
15745	11481	0.990510
11481	15745	0.990510
15745	16510	0.990012
16510	15745	0.990012
11549	18022	0.992512
18022	11549	0.992512
11549	1210	0.990280
1210	11549	0.990280
21176	23019	0.990044
23019	21176	0.990044
21176	23429	0.990399
23429	21176	0.990399
21176	16335	0.991590
16335	21176	0.991590
21176	21422	0.990269
21422	21176	0.990269
21176	14955	0.990218
14955	21176	0.990218
21176	1903	0.991494
1903	21176	0.991494
21176	23910	0.990721
23910	21176	0.990721
5902	22933	0.991930
22933	5902	0.991930
5902	21550	0.990416
21550	5902	0.990416
5902	1371	0.990182
1371	5902	0.990182
5902	3960	0.992641
3960	5902	0.992641
58	18151	0.990458
18151	58	0.990458
10260	21355	0.991280
21355	10260	0.991280
10260	8153	0.992263
8153	10260	0.992263
10260	18436	0.990096
18436	10260	0.990096
10260	7080	0.991280
7080	10260	0.991280
18612	600	0.992611
600	18612	0.992611
19067	12255	0.990751
12255	19067	0.990751
2215	9883	0.990050
9883	2215	0.990050
2215	24959	0.991559
24959	2215	0.991559
2215	13902	0.990411
13902	2215	0.990411
2215	17898	0.991928
17898	2215	0.991928
2215	7185	0.992453
7185	2215	0.992453
23621	2718	0.992066
2718	23621	0.992066
23621	20819	0.990179
20819	23621	0.990179
10122	10468	0.990697
10468	10122	0.990697
7258	2932	0.992808
2932	7258	0.992808
7258	7000	0.990552
7000	7258	0.990552
7258	17385	0.990393
17385	7258	0.990393
7258	8533	0.990037
8533	7258	0.990037
7258	23594	0.990194
23594	7258	0.990194
7258	14146	0.992099
14146	7258	0.992099
7258	1722	0.990047
1722	7258	0.990047
7258	778	0.991082
778	7258	0.991082
7258	15069	0.990350
15069	7258	0.990350
7258	643	0.990118
643	7258	0.990118
7258	2481	0.990630
2481	7258	0.990630
7258	17797	0.991697
17797	7258	0.991697
7258	1603	0.990769
1603	7258	0.990769
15585	17985	0.991297
17985	15585	0.991297
15585	2879	0.990293
2879	15585	0.990293
15585	611	0.990750
611	15585	0.990750
15585	14228	0.992852
14228	15585	0.992852
15585	12364	0.990581
12364	15585	0.990581
15585	3140	0.990542
3140	15585	0.990542
20114	12945	0.990550
12945	20114	0.990550
20114	21679	0.990883
21679	20114	0.990883
20114	16335	0.991632
16335	20114	0.991632
20114	22615	0.991603
22615	20114	0.991603
20114	6992	0.991074
6992	20114	0.991074
20114	23941	0.990395
23941	20114	0.990395
20114	2775	0.990343
2775	20114	0.990343
20114	2461	0.991468
2461	20114	0.991468
20114	8199	0.990678
8199	20114	0.990678
5880	3581	0.990228
3581	5880	0.990228
5880	23910	0.990777
23910	5880	0.990777
4134	1547	0.990647
1547	4134	0.990647
22247	18519	0.991244
18519	22247	0.991244
22247	17517	0.991142
17517	22247	0.991142
1760	7253	0.991539
7253	1760	0.991539
1760	18643	0.990087
18643	1760	0.990087
1760	17202	0.991300
17202	1760	0.991300
20810	5201	1.000000
5201	20810	1.000000
14275	6208	0.990296
6208	14275	0.990296
51	8678	0.991127
8678	51	0.991127
11354	8740	0.990500
8740	11354	0.990500
