3578	19264	0.990380
19264	3578	0.990380
12096	4018	0.991484
4018	12096	0.991484
10342	3824	0.991601
3824	10342	0.991601
10342	7270	0.990567
7270	10342	0.990567
6630	4434	0.991459
4434	6630	0.991459
5624	9058	0.990917
9058	5624	0.990917
5624	12107	0.993043
12107	5624	0.993043
2415	17456	0.991425
17456	2415	0.991425
2415	10834	0.991893
10834	2415	0.991893
2415	5163	0.993082
5163	2415	0.993082
2415	1185	0.991642
1185	2415	0.991642
7430	12674	0.991774
12674	7430	0.991774
7430	16801	0.992173
16801	7430	0.992173
7430	5317	0.991049
5317	7430	0.991049
7430	4851	0.991102
4851	7430	0.991102
7430	16949	0.991960
16949	7430	0.991960
7430	7270	0.990281
7270	7430	0.990281
7430	7434	0.991685
7434	7430	0.991685
3824	16203	0.992465
16203	3824	0.992465
3824	12411	0.990304
12411	3824	0.990304
3824	7270	0.991927
7270	3824	0.991927
12674	5317	0.991673
5317	12674	0.991673
6663	70	0.990885
70	6663	0.990885
6663	7270	0.992630
7270	6663	0.992630
1892	1730	0.990976
1730	1892	0.990976
6276	13335	0.991013
13335	6276	0.991013
6080	19013	0.991696
19013	6080	0.991696
17926	18658	0.990651
18658	17926	0.990651
1119	14218	0.991201
14218	1119	0.991201
1119	17049	0.993937
17049	1119	0.993937
1119	12411	0.991512
12411	1119	0.991512
1119	7270	0.993344
7270	1119	0.993344
14172	1081	0.990262
1081	14172	0.990262
9058	11258	0.990956
11258	9058	0.990956
9058	12107	0.992373
12107	9058	0.992373
9058	7434	0.990438
7434	9058	0.990438
4434	9059	0.992573
9059	4434	0.992573
4434	1997	0.991845
1997	4434	0.991845
17456	10834	0.991928
10834	17456	0.991928
17456	16238	0.990140
16238	17456	0.990140
17456	4326	0.991343
4326	17456	0.991343
17456	5163	0.991353
5163	17456	0.991353
67	16949	0.991596
16949	67	0.991596
1081	14875	0.992061
14875	1081	0.992061
5889	19214	1.000000
19214	5889	1.000000
12317	14946	0.992530
14946	12317	0.992530
12317	6564	0.993247
6564	12317	0.993247
12317	3726	0.990363
3726	12317	0.990363
10834	4326	0.992688
4326	10834	0.992688
10834	5163	0.990939
5163	10834	0.990939
16203	14461	0.991170
14461	16203	0.991170
1730	13453	0.990499
13453	1730	0.990499
1668	18099	0.991602
18099	1668	0.991602
19011	13298	0.993098
13298	19011	0.993098
19479	1707	0.990424
1707	19479	0.990424
19479	7421	0.990424
7421	19479	0.990424
18810	1185	0.992516
1185	18810	0.992516
1285	16801	0.990385
16801	1285	0.990385
19013	4326	0.990627
4326	19013	0.990627
16126	13335	0.990223
13335	16126	0.990223
2845	12080	0.992667
12080	2845	0.992667
5536	16801	0.990448
16801	5536	0.990448
5536	16949	0.990015
16949	5536	0.990015
17049	14758	0.990836
14758	17049	0.990836
17049	7270	0.991022
7270	17049	0.991022
258	16801	0.992059
16801	258	0.992059
258	11084	0.990873
11084	258	0.990873
258	13001	0.992081
13001	258	0.992081
258	16949	0.990227
16949	258	0.990227
1707	7421	1.000000
7421	1707	1.000000
16238	4087	0.990439
4087	16238	0.990439
16238	13453	0.992621
13453	16238	0.992621
4326	9871	0.991455
9871	4326	0.991455
5163	1185	0.992100
1185	5163	0.992100
16801	11084	0.990759
11084	16801	0.990759
16801	6620	0.991481
6620	16801	0.991481
16801	16949	0.992453
16949	16801	0.992453
12456	13453	0.990792
13453	12456	0.990792
12411	7270	0.992516
7270	12411	0.992516
12411	16411	0.990158
16411	12411	0.990158
12411	7434	0.991796
7434	12411	0.991796
19470	18658	0.990918
18658	19470	0.990918
4087	13453	0.990691
13453	4087	0.990691
11084	12107	0.990236
12107	11084	0.990236
5317	18658	0.990440
18658	5317	0.990440
15346	15172	0.991464
15172	15346	0.991464
70	7270	0.990245
7270	70	0.990245
12107	7434	0.990176
7434	12107	0.990176
6564	3726	0.990301
3726	6564	0.990301
13321	15585	0.993354
15585	13321	0.993354
13321	5718	0.991596
5718	13321	0.991596
6125	4	0.990218
4	6125	0.990218
7845	8324	0.992230
8324	7845	0.992230
15585	5718	0.991279
5718	15585	0.991279
15585	4	0.990348
4	15585	0.990348
5718	4	0.991956
4	5718	0.991956
1046	16094	0.990156
16094	1046	0.990156
1046	10637	0.990495
10637	1046	0.990495
14713	6399	0.991447
6399	14713	0.991447
13887	2264	0.992077
2264	13887	0.992077
18400	12958	0.990182
12958	18400	0.990182
17565	3741	0.990343
3741	17565	0.990343
16094	4103	0.990824
4103	16094	0.990824
10637	8453	0.990276
8453	10637	0.990276
13870	18213	1.000000
18213	13870	1.000000
7721	13903	0.990298
13903	7721	0.990298
3408	11576	0.991464
11576	3408	0.991464
3408	2681	0.990032
2681	3408	0.990032
15754	16931	0.992107
16931	15754	0.992107
13903	6390	0.990134
6390	13903	0.990134
13130	11657	0.991312
11657	13130	0.991312
13130	14549	0.990065
14549	13130	0.990065
18946	13846	0.991278
13846	18946	0.991278
7545	4103	0.992268
4103	7545	0.992268
7203	19165	0.991260
19165	7203	0.991260
7252	14549	0.990490
14549	7252	0.990490
1500	2264	0.990911
2264	1500	0.990911
2264	13232	0.991340
13232	2264	0.991340
11657	14549	0.990930
14549	11657	0.990930
19881	11499	0.994887
11499	19881	0.994887
17239	17016	0.990661
17016	17239	0.990661
11274	17016	0.990213
17016	11274	0.990213
11274	1443	1.000000
1443	11274	1.000000
8751	9896	0.991505
9896	8751	0.991505
4432	8174	0.990081
8174	4432	0.990081
1385	15974	0.990685
15974	1385	0.990685
12007	15732	0.990343
15732	12007	0.990343
17768	11677	0.990191
11677	17768	0.990191
19676	15872	0.990395
15872	19676	0.990395
19676	17016	0.992324
17016	19676	0.992324
12977	15872	0.992112
15872	12977	0.992112
12977	11665	0.991179
11665	12977	0.991179
12977	5733	0.991160
5733	12977	0.991160
14277	8872	0.990642
8872	14277	0.990642
15872	5733	0.990108
5733	15872	0.990108
15872	1896	0.990739
1896	15872	0.990739
8872	11041	0.992270
11041	8872	0.992270
17697	6242	0.992310
6242	17697	0.992310
13558	1748	0.991411
1748	13558	0.991411
9228	10585	0.992852
10585	9228	0.992852
8160	2661	0.990366
2661	8160	0.990366
1480	2277	0.991176
2277	1480	0.991176
17016	1443	0.990213
1443	17016	0.990213
1076	14	0.991052
14	1076	0.991052
15534	19901	0.990022
19901	15534	0.990022
15534	10655	0.992944
10655	15534	0.992944
15534	15673	0.990196
15673	15534	0.990196
8103	5896	0.991387
5896	8103	0.991387
8103	7331	0.993312
7331	8103	0.993312
8103	17975	0.994302
17975	8103	0.994302
13126	8366	0.992160
8366	13126	0.992160
13126	9023	0.990702
9023	13126	0.990702
13593	16045	0.990180
16045	13593	0.990180
2080	16355	1.000000
16355	2080	1.000000
8845	19901	0.991316
19901	8845	0.991316
6727	19172	0.991909
19172	6727	0.991909
6727	11884	0.990130
11884	6727	0.990130
3765	4058	0.990250
4058	3765	0.990250
507	19856	0.990886
19856	507	0.990886
507	7651	1.000000
7651	507	1.000000
15340	5896	0.990309
5896	15340	0.990309
18629	7331	0.991003
7331	18629	0.991003
5394	11894	0.990790
11894	5394	0.990790
4510	19984	0.990386
19984	4510	0.990386
4510	14248	0.990107
14248	4510	0.990107
17054	5896	0.991024
5896	17054	0.991024
17932	8366	0.991409
8366	17932	0.991409
17932	17783	0.990278
17783	17932	0.990278
17932	6249	0.991282
6249	17932	0.991282
19901	15673	0.993251
15673	19901	0.993251
9605	4399	0.990147
4399	9605	0.990147
13736	13525	0.993178
13525	13736	0.993178
18439	3637	0.990334
3637	18439	0.990334
4028	19224	0.990160
19224	4028	0.990160
11897	1225	0.990773
1225	11897	0.990773
11897	9575	0.991246
9575	11897	0.991246
1225	7331	0.990664
7331	1225	0.990664
1225	3637	0.992101
3637	1225	0.992101
5237	19224	0.991148
19224	5237	0.991148
18279	11474	0.990137
11474	18279	0.990137
18279	9023	0.991821
9023	18279	0.991821
9318	8505	0.990192
8505	9318	0.990192
9318	19345	0.991468
19345	9318	0.991468
17801	5324	0.990864
5324	17801	0.990864
17801	2668	0.990307
2668	17801	0.990307
8366	15673	0.990220
15673	8366	0.990220
8366	4995	0.991778
4995	8366	0.991778
8366	6249	0.991242
6249	8366	0.991242
13237	15673	0.991037
15673	13237	0.991037
4058	12314	0.990096
12314	4058	0.990096
19856	7651	0.990886
7651	19856	0.990886
5896	3637	0.992949
3637	5896	0.992949
6706	1967	0.992822
1967	6706	0.992822
6706	17975	0.991590
17975	6706	0.991590
6706	10135	0.990239
10135	6706	0.990239
6706	12371	0.990959
12371	6706	0.990959
1967	3637	0.990971
3637	1967	0.990971
4185	4315	0.990570
4315	4185	0.990570
4185	8140	0.990980
8140	4185	0.990980
18096	12314	0.991292
12314	18096	0.991292
370	14430	0.990092
14430	370	0.990092
7331	17975	0.992880
17975	7331	0.992880
7331	3637	0.990231
3637	7331	0.990231
17	4856	0.990021
4856	17	0.990021
1028	19224	0.990869
19224	1028	0.990869
15673	6249	0.990036
6249	15673	0.990036
14835	15855	0.990619
15855	14835	0.990619
16045	15855	0.990268
15855	16045	0.990268
10135	3637	0.990018
3637	10135	0.990018
11884	14743	0.990285
14743	11884	0.990285
19345	16083	0.990266
16083	19345	0.990266
10132	7388	0.990693
7388	10132	0.990693
10132	772	0.990468
772	10132	0.990468
10132	3318	0.990877
3318	10132	0.990877
1944	14859	0.991143
14859	1944	0.991143
8058	8706	0.990964
8706	8058	0.990964
5697	4417	1.000000
4417	5697	1.000000
5697	17144	0.991856
17144	5697	0.991856
7388	9610	0.990217
9610	7388	0.990217
7388	7528	0.991845
7528	7388	0.991845
7388	3318	0.990865
3318	7388	0.990865
1499	7528	0.991632
7528	1499	0.991632
1499	11992	0.990737
11992	1499	0.990737
1499	14454	0.991853
14454	1499	0.991853
1499	14859	0.990475
14859	1499	0.990475
16778	6474	0.990800
6474	16778	0.990800
15828	9281	0.991075
9281	15828	0.991075
6591	8644	0.990416
8644	6591	0.990416
16401	436	0.991053
436	16401	0.991053
15798	1871	0.991387
1871	15798	0.991387
6474	5905	0.992737
5905	6474	0.992737
12987	5905	0.990124
5905	12987	0.990124
7022	772	0.990336
772	7022	0.990336
9768	3234	0.990906
3234	9768	0.990906
9768	9281	0.990446
9281	9768	0.990446
9768	17055	0.990809
17055	9768	0.990809
8644	2956	0.992269
2956	8644	0.992269
8644	14454	0.991427
14454	8644	0.991427
8644	14859	0.991226
14859	8644	0.991226
8706	14454	0.991527
14454	8706	0.991527
3234	3760	0.993289
3760	3234	0.993289
14723	15499	0.990022
15499	14723	0.990022
7528	2956	0.990924
2956	7528	0.990924
7528	3318	0.992748
3318	7528	0.992748
7528	14454	0.990482
14454	7528	0.990482
7528	14859	0.993064
14859	7528	0.993064
7528	17055	0.990228
17055	7528	0.990228
9578	18284	0.990297
18284	9578	0.990297
11992	11672	0.991282
11672	11992	0.991282
11992	14859	0.990826
14859	11992	0.990826
4214	11672	0.990373
11672	4214	0.990373
2956	14859	0.994551
14859	2956	0.994551
13678	16155	0.990731
16155	13678	0.990731
12744	5642	0.993851
5642	12744	0.993851
5103	8271	0.990493
8271	5103	0.990493
916	6527	0.992389
6527	916	0.992389
3318	14454	0.991356
14454	3318	0.991356
3318	14859	0.990757
14859	3318	0.990757
3318	17055	0.990285
17055	3318	0.990285
14454	9281	0.990069
9281	14454	0.990069
14454	17055	0.990441
17055	14454	0.990441
14454	15211	0.991373
15211	14454	0.991373
14859	14979	0.990829
14979	14859	0.990829
14859	17055	0.990143
17055	14859	0.990143
5642	9281	0.991001
9281	5642	0.991001
9281	5905	0.990665
5905	9281	0.990665
9281	17055	0.990126
17055	9281	0.990126
6331	4242	0.990267
4242	6331	0.990267
4417	17144	0.991856
17144	4417	0.991856
16163	9849	0.990706
9849	16163	0.990706
14669	16969	0.992459
16969	14669	0.992459
14669	16470	0.990455
16470	14669	0.990455
14669	8920	0.991737
8920	14669	0.991737
3289	14335	0.990669
14335	3289	0.990669
3289	2747	0.990265
2747	3289	0.990265
16326	3205	0.990374
3205	16326	0.990374
2494	7223	0.990443
7223	2494	0.990443
4794	18597	0.992694
18597	4794	0.992694
4794	8884	0.992061
8884	4794	0.992061
7909	3106	0.991353
3106	7909	0.991353
3743	3106	0.991630
3106	3743	0.991630
3743	17227	0.990578
17227	3743	0.990578
16706	7477	0.993033
7477	16706	0.993033
11676	16234	1.000000
16234	11676	1.000000
15982	5463	0.990482
5463	15982	0.990482
1468	7192	0.992667
7192	1468	0.992667
1468	13339	0.990077
13339	1468	0.990077
286	7935	0.990924
7935	286	0.990924
18795	16651	0.991346
16651	18795	0.991346
18795	435	0.990041
435	18795	0.990041
7446	15155	0.992301
15155	7446	0.992301
7446	12189	0.991169
12189	7446	0.991169
9849	14977	0.990089
14977	9849	0.990089
14900	7992	0.990388
7992	14900	0.990388
10633	17788	1.000000
17788	10633	1.000000
1014	14977	0.992695
14977	1014	0.992695
1014	73	0.991322
73	1014	0.991322
14335	8719	0.990252
8719	14335	0.990252
4503	7496	0.990195
7496	4503	0.990195
5902	3106	0.990193
3106	5902	0.990193
11684	9804	0.992738
9804	11684	0.992738
11684	11815	0.990151
11815	11684	0.990151
8516	11168	0.990174
11168	8516	0.990174
8516	13016	0.991673
13016	8516	0.991673
18769	14977	0.992361
14977	18769	0.992361
18480	2017	0.990404
2017	18480	0.990404
18480	10305	0.991898
10305	18480	0.991898
4083	13590	0.992504
13590	4083	0.992504
9553	3750	0.990184
3750	9553	0.990184
3913	14868	0.990502
14868	3913	0.990502
14728	8815	0.990570
8815	14728	0.990570
3375	18495	0.992760
18495	3375	0.992760
3211	8481	0.990791
8481	3211	0.990791
7192	12189	0.991719
12189	7192	0.991719
7192	3906	0.990192
3906	7192	0.990192
7192	7477	0.991745
7477	7192	0.991745
495	7992	0.991880
7992	495	0.991880
14977	8593	0.991134
8593	14977	0.991134
14977	13370	0.990439
13370	14977	0.990439
3087	6993	0.993620
6993	3087	0.993620
4005	6158	0.992626
6158	4005	0.992626
4751	6267	0.990995
6267	4751	0.990995
13339	7477	0.990293
7477	13339	0.990293
5463	17931	0.990572
17931	5463	0.990572
5463	3106	0.990727
3106	5463	0.990727
5463	17227	0.994447
17227	5463	0.994447
4236	8815	0.990357
8815	4236	0.990357
6158	2977	0.991689
2977	6158	0.991689
7223	17664	0.990016
17664	7223	0.990016
10246	11512	0.991199
11512	10246	0.991199
3111	12515	0.990973
12515	3111	0.990973
3111	11462	0.990464
11462	3111	0.990464
12515	11462	0.991707
11462	12515	0.991707
9579	3906	0.993171
3906	9579	0.993171
6947	16256	1.000000
16256	6947	1.000000
16470	8927	0.991125
8927	16470	0.991125
16371	14938	0.990135
14938	16371	0.990135
9797	14938	0.990559
14938	9797	0.990559
4091	4662	0.991395
4662	4091	0.991395
4091	11783	0.992850
11783	4091	0.992850
18499	10745	0.992035
10745	18499	0.992035
10065	7034	0.990049
7034	10065	0.990049
10065	11199	0.990424
11199	10065	0.990424
10065	3274	0.990925
3274	10065	0.990925
10065	11355	0.990838
11355	10065	0.990838
10229	3625	0.990422
3625	10229	0.990422
4025	18383	0.992011
18383	4025	0.992011
672	13336	0.990814
13336	672	0.990814
672	2513	0.992313
2513	672	0.992313
7034	11355	0.992701
11355	7034	0.992701
18803	1233	0.992292
1233	18803	0.992292
11510	10745	0.990012
10745	11510	0.990012
10745	6481	0.990510
6481	10745	0.990510
17795	11199	0.990534
11199	17795	0.990534
17795	3274	0.993473
3274	17795	0.993473
15728	5376	0.990975
5376	15728	0.990975
13658	14862	0.990030
14862	13658	0.990030
12272	4335	0.990083
4335	12272	0.990083
889	8041	0.992600
8041	889	0.992600
889	9470	0.990109
9470	889	0.990109
889	323	0.990463
323	889	0.990463
889	14597	0.991583
14597	889	0.991583
9128	3493	0.991440
3493	9128	0.991440
17486	955	0.992282
955	17486	0.992282
4922	1205	0.990318
1205	4922	0.990318
918	19590	0.990507
19590	918	0.990507
918	955	0.992182
955	918	0.992182
19590	13430	0.991344
13430	19590	0.991344
5071	4268	1.000000
4268	5071	1.000000
10392	8731	1.000000
8731	10392	1.000000
8120	10335	0.990585
10335	8120	0.990585
18731	19412	0.990240
19412	18731	0.990240
6930	134	0.992203
134	6930	0.992203
17244	3485	0.992891
3485	17244	0.992891
16239	18354	0.990884
18354	16239	0.990884
16239	11947	0.991000
11947	16239	0.991000
3084	9148	0.992054
9148	3084	0.992054
242	7720	0.991312
7720	242	0.991312
7145	18740	0.990891
18740	7145	0.990891
3485	9239	0.990121
9239	3485	0.990121
1862	7859	0.991696
7859	1862	0.991696
16861	4840	0.994984
4840	16861	0.994984
16861	5135	0.992256
5135	16861	0.992256
16861	9185	0.993519
9185	16861	0.993519
16861	35	0.990052
35	16861	0.990052
16861	296	0.990782
296	16861	0.990782
16861	17421	0.992201
17421	16861	0.992201
19305	4840	0.994098
4840	19305	0.994098
19305	35	0.991992
35	19305	0.991992
19305	16432	0.993073
16432	19305	0.993073
19305	5666	0.993267
5666	19305	0.993267
4840	5135	0.990178
5135	4840	0.990178
4840	9185	0.991595
9185	4840	0.991595
4840	35	0.990685
35	4840	0.990685
4840	16432	0.994057
16432	4840	0.994057
4840	5666	0.991684
5666	4840	0.991684
4840	6464	0.991381
6464	4840	0.991381
4840	17421	0.994138
17421	4840	0.994138
1561	4396	0.992374
4396	1561	0.992374
4396	18193	0.990922
18193	4396	0.990922
5135	5666	0.990097
5666	5135	0.990097
9185	17421	0.990625
17421	9185	0.990625
10412	529	0.990916
529	10412	0.990916
18201	5666	0.994458
5666	18201	0.994458
6464	17421	0.991146
17421	6464	0.991146
14634	5702	0.992907
5702	14634	0.992907
1734	5223	0.991116
5223	1734	0.991116
1734	61	0.991610
61	1734	0.991610
7132	11867	0.991435
11867	7132	0.991435
1492	15928	0.992179
15928	1492	0.992179
1585	7232	0.990017
7232	1585	0.990017
8195	61	0.990184
61	8195	0.990184
3080	13585	0.990560
13585	3080	0.990560
7217	9384	0.990044
9384	7217	0.990044
12217	15953	0.992387
15953	12217	0.992387
3121	13328	0.990574
13328	3121	0.990574
14437	9536	0.991615
9536	14437	0.991615
2967	1826	0.990496
1826	2967	0.990496
4973	11782	0.990158
11782	4973	0.990158
14201	18880	0.990188
18880	14201	0.990188
13585	2515	0.990827
2515	13585	0.990827
8251	4137	0.992121
4137	8251	0.992121
18880	2515	0.993902
2515	18880	0.993902
17791	15953	0.990112
15953	17791	0.990112
14797	19543	0.991094
19543	14797	0.991094
3764	6642	0.990133
6642	3764	0.990133
19406	19583	0.990588
19583	19406	0.990588
195	4591	0.992917
4591	195	0.992917
195	14943	0.991763
14943	195	0.991763
9832	10700	0.990957
10700	9832	0.990957
9832	15746	0.991113
15746	9832	0.991113
7064	17978	0.990619
17978	7064	0.990619
18561	2286	0.992004
2286	18561	0.992004
3640	5061	0.992376
5061	3640	0.992376
3640	13483	0.990776
13483	3640	0.990776
3640	429	0.993382
429	3640	0.993382
3640	13519	0.990425
13519	3640	0.990425
3640	9298	0.991287
9298	3640	0.991287
14164	18826	0.991361
18826	14164	0.991361
15047	18979	0.991779
18979	15047	0.991779
15047	5876	0.990522
5876	15047	0.990522
6091	19583	0.992724
19583	6091	0.992724
13824	4467	0.990554
4467	13824	0.990554
19516	18288	0.992823
18288	19516	0.992823
19516	9048	0.990715
9048	19516	0.990715
10567	2441	0.990496
2441	10567	0.990496
10700	5061	0.991500
5061	10700	0.991500
10700	429	0.990403
429	10700	0.990403
10700	15746	0.990089
15746	10700	0.990089
9022	13483	0.991149
13483	9022	0.991149
9022	9298	0.990971
9298	9022	0.990971
5517	17673	0.991507
17673	5517	0.991507
6939	10732	0.990288
10732	6939	0.990288
6939	2286	0.990089
2286	6939	0.990089
6961	7811	0.992520
7811	6961	0.992520
18979	17978	0.991202
17978	18979	0.991202
10901	19241	0.990373
19241	10901	0.990373
6642	10539	0.992285
10539	6642	0.992285
6642	9048	0.991509
9048	6642	0.991509
7551	5876	0.992338
5876	7551	0.992338
10732	11953	0.992339
11953	10732	0.992339
10732	5876	0.991220
5876	10732	0.991220
10732	10356	0.990559
10356	10732	0.990559
10732	5322	0.990046
5322	10732	0.990046
19613	5876	0.990021
5876	19613	0.990021
10542	17978	0.991824
17978	10542	0.991824
6443	10539	0.990866
10539	6443	0.990866
5532	5322	0.991139
5322	5532	0.991139
4591	14943	0.993674
14943	4591	0.993674
11953	2220	0.990964
2220	11953	0.990964
11953	13483	0.993363
13483	11953	0.993363
11953	429	0.992388
429	11953	0.992388
11953	5322	0.994092
5322	11953	0.994092
11953	4090	0.994710
4090	11953	0.994710
5061	429	0.994523
429	5061	0.994523
9586	15134	0.990175
15134	9586	0.990175
9586	5368	0.990522
5368	9586	0.990522
13483	429	0.991950
429	13483	0.991950
13483	13519	0.990927
13519	13483	0.990927
13483	4090	0.992220
4090	13483	0.992220
15494	429	0.990949
429	15494	0.990949
15494	9298	0.992314
9298	15494	0.992314
4447	4090	0.990433
4090	4447	0.990433
5876	19600	0.991664
19600	5876	0.991664
429	8229	0.990034
8229	429	0.990034
5322	4090	0.994456
4090	5322	0.994456
10986	18826	0.990117
18826	10986	0.990117
19184	19600	0.990872
19600	19184	0.990872
8229	9298	0.990453
9298	8229	0.990453
19653	13645	0.990718
13645	19653	0.990718
18522	13190	0.990093
13190	18522	0.990093
16079	2856	0.991944
2856	16079	0.991944
10849	15727	0.991236
15727	10849	0.991236
16817	19977	0.990900
19977	16817	0.990900
12250	13365	0.990834
13365	12250	0.990834
12250	15129	0.990801
15129	12250	0.990801
12390	9837	0.990422
9837	12390	0.990422
196	8091	0.990441
8091	196	0.990441
4860	3298	0.990340
3298	4860	0.990340
16555	14267	0.992451
14267	16555	0.992451
16555	16166	0.992530
16166	16555	0.992530
15989	17473	0.992627
17473	15989	0.992627
8325	15659	0.991399
15659	8325	0.991399
8325	6540	0.990826
6540	8325	0.990826
8325	16166	0.991149
16166	8325	0.991149
16943	14554	0.990361
14554	16943	0.990361
13898	15129	0.991691
15129	13898	0.991691
17473	14267	0.990111
14267	17473	0.990111
12385	14267	0.990525
14267	12385	0.990525
12385	16166	0.991225
16166	12385	0.991225
9689	12821	0.992974
12821	9689	0.992974
17770	9086	0.992229
9086	17770	0.992229
2871	15659	0.990891
15659	2871	0.990891
2871	14267	0.990270
14267	2871	0.990270
2871	17245	0.992537
17245	2871	0.992537
7968	19190	0.990632
19190	7968	0.990632
15659	14267	0.990100
14267	15659	0.990100
15659	16166	0.993889
16166	15659	0.993889
6445	6540	0.990252
6540	6445	0.990252
6445	7309	0.991014
7309	6445	0.991014
14554	7749	0.991477
7749	14554	0.991477
12600	9224	0.990220
9224	12600	0.990220
12600	11154	0.993138
11154	12600	0.993138
1457	10233	0.990605
10233	1457	0.990605
3246	4288	0.991886
4288	3246	0.991886
14267	11418	0.993403
11418	14267	0.993403
14267	16166	0.993971
16166	14267	0.993971
11418	16166	0.990525
16166	11418	0.990525
1354	348	0.990177
348	1354	0.990177
6540	7309	0.990002
7309	6540	0.990002
3261	16516	1.000000
16516	3261	1.000000
14067	7255	0.990751
7255	14067	0.990751
17543	13831	1.000000
13831	17543	1.000000
9233	7773	0.990113
7773	9233	0.990113
18315	6271	0.991343
6271	18315	0.991343
18514	17440	0.991258
17440	18514	0.991258
6905	3591	0.990384
3591	6905	0.990384
4345	6333	0.990353
6333	4345	0.990353
9528	19048	0.990319
19048	9528	0.990319
10102	12261	0.990280
12261	10102	0.990280
10102	18252	0.994949
18252	10102	0.994949
3591	18252	0.990387
18252	3591	0.990387
12898	1781	0.991802
1781	12898	0.991802
1781	4119	0.991047
4119	1781	0.991047
12339	4761	0.991071
4761	12339	0.991071
1872	17538	0.990446
17538	1872	0.990446
18394	4986	0.990303
4986	18394	0.990303
16176	14323	0.991679
14323	16176	0.991679
16176	18910	0.990721
18910	16176	0.990721
14323	5468	0.990133
5468	14323	0.990133
14323	18910	0.992739
18910	14323	0.992739
3665	9203	0.991554
9203	3665	0.991554
4654	3458	0.992435
3458	4654	0.992435
3631	919	0.990256
919	3631	0.990256
3458	9993	0.990403
9993	3458	0.990403
1066	6209	0.990448
6209	1066	0.990448
2285	9512	0.990575
9512	2285	0.990575
2285	7009	0.990394
7009	2285	0.990394
2285	10108	0.993014
10108	2285	0.993014
2285	12025	0.992666
12025	2285	0.992666
11646	9897	0.993381
9897	11646	0.993381
11646	15215	0.990419
15215	11646	0.990419
11646	5349	0.993060
5349	11646	0.993060
7733	12655	0.991562
12655	7733	0.991562
7078	12582	0.990922
12582	7078	0.990922
7078	3374	0.991479
3374	7078	0.991479
17700	3374	0.990011
3374	17700	0.990011
17700	3201	0.990667
3201	17700	0.990667
17700	401	0.990489
401	17700	0.990489
4553	6816	0.990462
6816	4553	0.990462
10792	7850	0.990454
7850	10792	0.990454
10792	3374	0.992935
3374	10792	0.992935
10792	15215	0.990457
15215	10792	0.990457
12582	12319	0.990718
12319	12582	0.990718
12582	3374	0.993239
3374	12582	0.993239
12582	3201	0.990968
3201	12582	0.990968
12582	13007	0.991217
13007	12582	0.991217
12582	18449	0.990129
18449	12582	0.990129
18991	904	0.991162
904	18991	0.991162
18991	11059	0.990341
11059	18991	0.990341
7287	19445	0.990672
19445	7287	0.990672
7287	4899	0.991913
4899	7287	0.991913
9377	2979	0.990878
2979	9377	0.990878
11178	2602	0.991590
2602	11178	0.991590
17161	16697	0.990499
16697	17161	0.990499
17161	3201	0.990221
3201	17161	0.990221
17161	13007	0.992143
13007	17161	0.992143
17161	5997	0.990745
5997	17161	0.990745
17161	18013	0.990161
18013	17161	0.990161
9897	15215	0.990251
15215	9897	0.990251
9897	5349	0.991726
5349	9897	0.991726
10270	4899	0.990280
4899	10270	0.990280
10270	13007	0.990889
13007	10270	0.990889
10270	18148	0.990953
18148	10270	0.990953
13284	2409	0.991827
2409	13284	0.991827
12655	3374	0.990405
3374	12655	0.990405
12655	13007	0.990406
13007	12655	0.990406
19445	18945	0.990535
18945	19445	0.990535
19445	5997	0.992779
5997	19445	0.992779
19445	777	0.993049
777	19445	0.993049
12319	18449	0.992542
18449	12319	0.992542
4675	3201	0.994652
3201	4675	0.994652
9362	3374	0.993583
3374	9362	0.993583
7850	3648	0.990572
3648	7850	0.990572
7850	5764	0.991473
5764	7850	0.991473
5014	11394	0.990656
11394	5014	0.990656
5014	9162	0.993354
9162	5014	0.993354
9966	3374	0.992293
3374	9966	0.992293
9966	16697	0.990479
16697	9966	0.990479
9966	3201	0.990901
3201	9966	0.990901
9966	17073	0.990346
17073	9966	0.990346
9966	2979	0.990669
2979	9966	0.990669
9966	19621	0.990290
19621	9966	0.990290
4899	3648	0.991826
3648	4899	0.991826
4899	13007	0.990026
13007	4899	0.990026
19627	3374	0.990179
3374	19627	0.990179
10923	7423	0.991884
7423	10923	0.991884
10669	18148	0.991479
18148	10669	0.991479
13553	14043	0.990236
14043	13553	0.990236
904	17062	0.990424
17062	904	0.990424
904	1453	0.991233
1453	904	0.991233
7423	5997	0.990868
5997	7423	0.990868
3374	3648	0.991287
3648	3374	0.991287
3374	3201	0.992527
3201	3374	0.992527
3374	17073	0.991972
17073	3374	0.991972
3374	5764	0.990589
5764	3374	0.990589
3374	2979	0.991448
2979	3374	0.991448
1788	6816	0.990691
6816	1788	0.990691
1788	16465	0.990004
16465	1788	0.990004
7793	10487	0.990910
10487	7793	0.990910
15215	5349	0.992815
5349	15215	0.992815
5349	18148	0.990387
18148	5349	0.990387
5349	12182	0.991959
12182	5349	0.991959
16697	3201	0.990762
3201	16697	0.990762
16697	12085	0.991786
12085	16697	0.991786
3648	17062	0.990031
17062	3648	0.990031
3648	2979	0.993092
2979	3648	0.993092
17062	5898	0.990069
5898	17062	0.990069
17062	2979	0.991918
2979	17062	0.991918
3201	13007	0.992260
13007	3201	0.992260
3201	18623	0.990755
18623	3201	0.990755
3201	12589	0.990979
12589	3201	0.990979
13007	5997	0.994411
5997	13007	0.994411
13007	10597	0.990541
10597	13007	0.990541
13007	18013	0.993750
18013	13007	0.993750
18945	10155	0.990367
10155	18945	0.990367
1437	2409	0.990338
2409	1437	0.990338
16721	5898	0.991846
5898	16721	0.991846
18623	6440	0.990794
6440	18623	0.990794
17073	401	0.990210
401	17073	0.990210
10597	6440	0.993079
6440	10597	0.993079
12589	843	0.991072
843	12589	0.991072
12589	19621	0.991413
19621	12589	0.991413
11394	14043	0.992869
14043	11394	0.992869
6440	13713	0.990020
13713	6440	0.990020
843	19621	0.991212
19621	843	0.991212
8463	9156	0.990169
9156	8463	0.990169
9512	4464	0.990801
4464	9512	0.990801
9512	10108	0.993387
10108	9512	0.993387
6934	15618	0.991849
15618	6934	0.991849
6934	179	0.990452
179	6934	0.990452
17561	5909	0.991284
5909	17561	0.991284
4464	10108	0.990688
10108	4464	0.990688
539	19621	0.990226
19621	539	0.990226
15852	13697	0.992702
13697	15852	0.992702
3465	11006	0.992858
11006	3465	0.992858
7911	4034	0.990114
4034	7911	0.990114
19572	1825	0.990379
1825	19572	0.990379
3102	13202	1.000000
13202	3102	1.000000
13148	13697	0.990437
13697	13148	0.990437
19508	18799	0.990399
18799	19508	0.990399
1893	8244	0.990428
8244	1893	0.990428
1893	8878	0.992131
8878	1893	0.992131
2084	8878	0.992233
8878	2084	0.992233
16975	3140	0.991324
3140	16975	0.991324
244	6117	0.991035
6117	244	0.991035
7386	18039	0.992535
18039	7386	0.992535
19737	2652	0.992365
2652	19737	0.992365
15566	15739	0.990368
15739	15566	0.990368
10471	18564	0.990826
18564	10471	0.990826
10471	10292	0.994947
10292	10471	0.994947
8778	9013	1.000000
9013	8778	1.000000
2652	721	0.991587
721	2652	0.991587
2652	15739	0.990672
15739	2652	0.990672
10668	2380	0.991365
2380	10668	0.991365
366	14204	0.990316
14204	366	0.990316
9429	4972	0.990836
4972	9429	0.990836
9429	11980	0.990304
11980	9429	0.990304
8610	6475	0.994226
6475	8610	0.994226
4616	16552	0.990345
16552	4616	0.990345
4616	9565	0.991292
9565	4616	0.991292
9335	4972	0.991116
4972	9335	0.991116
5289	19958	0.990333
19958	5289	0.990333
11068	10142	0.992028
10142	11068	0.992028
11068	17966	0.990756
17966	11068	0.990756
11068	6797	0.990281
6797	11068	0.990281
1403	12508	0.991182
12508	1403	0.991182
1403	5299	0.990145
5299	1403	0.990145
1403	9867	0.991715
9867	1403	0.991715
1403	4972	0.992322
4972	1403	0.992322
1403	11980	0.991541
11980	1403	0.991541
16218	19833	0.990171
19833	16218	0.990171
6607	18950	1.000000
18950	6607	1.000000
12508	19373	0.990432
19373	12508	0.990432
12508	4972	0.992896
4972	12508	0.992896
12508	9085	0.993291
9085	12508	0.993291
12056	19958	0.991862
19958	12056	0.991862
12056	5681	0.991787
5681	12056	0.991787
11473	5299	0.992431
5299	11473	0.992431
11473	19958	0.991759
19958	11473	0.991759
11415	17681	0.991046
17681	11415	0.991046
11415	19958	0.990556
19958	11415	0.990556
702	17824	0.990671
17824	702	0.990671
702	6721	0.991037
6721	702	0.991037
15238	19046	0.991870
19046	15238	0.991870
17824	9656	0.992734
9656	17824	0.992734
17824	283	0.990107
283	17824	0.990107
17824	19958	0.992809
19958	17824	0.992809
19373	5957	0.991181
5957	19373	0.991181
19373	4972	0.992937
4972	19373	0.992937
19373	9085	0.990154
9085	19373	0.990154
12921	14617	0.991319
14617	12921	0.991319
6721	283	0.991320
283	6721	0.991320
6721	5681	0.990620
5681	6721	0.990620
6721	7403	0.990616
7403	6721	0.990616
6721	11980	0.991338
11980	6721	0.991338
5299	3308	0.991031
3308	5299	0.991031
5299	9867	0.990716
9867	5299	0.990716
6124	19833	0.990225
19833	6124	0.990225
14617	117	0.990142
117	14617	0.990142
19126	4972	0.991138
4972	19126	0.991138
6872	4972	0.992947
4972	6872	0.992947
6872	117	0.993312
117	6872	0.993312
283	5681	0.990116
5681	283	0.990116
283	11980	0.992150
11980	283	0.992150
17681	1807	0.990543
1807	17681	0.990543
4972	19833	0.991313
19833	4972	0.991313
4972	9085	0.991119
9085	4972	0.991119
4076	11980	0.990649
11980	4076	0.990649
4129	12269	0.991279
12269	4129	0.991279
16605	9439	0.990534
9439	16605	0.990534
16605	2420	0.990399
2420	16605	0.990399
6606	6657	0.990465
6657	6606	0.990465
967	12786	0.990430
12786	967	0.990430
17096	6237	0.992435
6237	17096	0.992435
11434	19408	0.991750
19408	11434	0.991750
8429	10583	0.990388
10583	8429	0.990388
8429	18815	0.990070
18815	8429	0.990070
8429	12253	0.990279
12253	8429	0.990279
8502	4815	0.990259
4815	8502	0.990259
8512	1849	0.991314
1849	8512	0.991314
8512	8051	0.992533
8051	8512	0.992533
709	6189	0.990396
6189	709	0.990396
4631	6189	0.990310
6189	4631	0.990310
6189	8200	0.991353
8200	6189	0.991353
8321	9637	0.990578
9637	8321	0.990578
8321	18815	0.990162
18815	8321	0.990162
19885	2051	0.990861
2051	19885	0.990861
2925	18137	0.991186
18137	2925	0.991186
4749	16804	0.990207
16804	4749	0.990207
4749	126	0.990526
126	4749	0.990526
3728	1980	0.992966
1980	3728	0.992966
18815	126	0.991400
126	18815	0.991400
16501	1553	0.993086
1553	16501	0.993086
13934	16583	0.990053
16583	13934	0.990053
13934	3072	0.990258
3072	13934	0.990258
832	15540	0.991139
15540	832	0.991139
832	7847	0.990999
7847	832	0.990999
5840	15106	1.000000
15106	5840	1.000000
3521	5372	0.990934
5372	3521	0.990934
19157	15154	0.990132
15154	19157	0.990132
2541	2258	0.990076
2258	2541	0.990076
6908	4599	0.991230
4599	6908	0.991230
6908	1945	0.990332
1945	6908	0.990332
15540	7847	0.990602
7847	15540	0.990602
505	2258	0.990121
2258	505	0.990121
14788	16921	0.991201
16921	14788	0.991201
10706	3072	0.990174
3072	10706	0.990174
16680	386	0.990080
386	16680	0.990080
5694	9722	0.990279
9722	5694	0.990279
5694	3072	0.991701
3072	5694	0.991701
18069	14304	0.990365
14304	18069	0.990365
16583	16023	0.990890
16023	16583	0.990890
16023	9164	0.990194
9164	16023	0.990194
16023	3533	0.990042
3533	16023	0.990042
4599	8116	0.993229
8116	4599	0.993229
4599	968	0.990958
968	4599	0.990958
7847	8083	0.992397
8083	7847	0.992397
2258	12797	0.991697
12797	2258	0.991697
2258	3533	0.990037
3533	2258	0.990037
2258	2087	0.990762
2087	2258	0.990762
18954	11864	0.991902
11864	18954	0.991902
2408	7669	0.990849
7669	2408	0.990849
12797	17961	0.991161
17961	12797	0.991161
17961	7158	0.991397
7158	17961	0.991397
14624	797	0.990327
797	14624	0.990327
11272	17356	0.990479
17356	11272	0.990479
146	973	0.990658
973	146	0.990658
17356	421	0.992087
421	17356	0.992087
17356	4046	0.991106
4046	17356	0.991106
421	3359	0.991284
3359	421	0.991284
421	4046	0.991177
4046	421	0.991177
2186	2719	0.990022
2719	2186	0.990022
3359	4046	0.993136
4046	3359	0.993136
4046	11447	0.990114
11447	4046	0.990114
17910	10598	0.990756
10598	17910	0.990756
9898	8870	0.991491
8870	9898	0.991491
9898	10598	0.994455
10598	9898	0.994455
8870	10598	0.992746
10598	8870	0.992746
4168	6007	0.990545
6007	4168	0.990545
9730	2698	0.990027
2698	9730	0.990027
14986	16683	0.992621
16683	14986	0.992621
14986	6660	0.990620
6660	14986	0.990620
14986	4544	0.991113
4544	14986	0.991113
14986	5229	0.992034
5229	14986	0.992034
11734	18429	0.990413
18429	11734	0.990413
11734	2698	0.990869
2698	11734	0.990869
788	3302	0.990781
3302	788	0.990781
18735	12541	0.990406
12541	18735	0.990406
19077	18429	0.990057
18429	19077	0.990057
19077	5912	0.990368
5912	19077	0.990368
19077	5787	0.992400
5787	19077	0.992400
151	5912	0.993026
5912	151	0.993026
2360	6660	0.990755
6660	2360	0.990755
18429	5912	0.991526
5912	18429	0.991526
18429	2698	0.993122
2698	18429	0.993122
12541	1810	0.990650
1810	12541	0.990650
189	16679	0.990536
16679	189	0.990536
3302	6636	0.990828
6636	3302	0.990828
10118	8236	0.991303
8236	10118	0.991303
10350	4837	0.990286
4837	10350	0.990286
4837	16984	0.990417
16984	4837	0.990417
5787	2698	0.993897
2698	5787	0.993897
8930	10159	0.990725
10159	8930	0.990725
8930	16984	0.991905
16984	8930	0.991905
10836	17952	0.990950
17952	10836	0.990950
9146	13326	0.990958
13326	9146	0.990958
9146	12972	0.990166
12972	9146	0.990166
13253	18236	0.990750
18236	13253	0.990750
13326	14074	0.990762
14074	13326	0.990762
13326	13361	0.993887
13361	13326	0.993887
13326	14153	0.991246
14153	13326	0.991246
14736	924	0.991545
924	14736	0.991545
14736	12361	0.990103
12361	14736	0.990103
18236	7947	0.990518
7947	18236	0.990518
10578	18415	0.990598
18415	10578	0.990598
3219	5256	0.993101
5256	3219	0.993101
12972	11173	0.992608
11173	12972	0.992608
9507	18415	0.991162
18415	9507	0.991162
11173	3079	0.992516
3079	11173	0.992516
153	10307	0.990172
10307	153	0.990172
14074	14153	0.993374
14153	14074	0.993374
17952	2073	0.992434
2073	17952	0.992434
997	17865	0.990512
17865	997	0.990512
15501	11971	0.991191
11971	15501	0.991191
17865	4613	0.993517
4613	17865	0.993517
17865	14153	0.990996
14153	17865	0.990996
17865	17308	0.991203
17308	17865	0.991203
13361	14153	0.991471
14153	13361	0.991471
18560	5228	0.992220
5228	18560	0.992220
4613	14153	0.992854
14153	4613	0.992854
12041	381	0.992313
381	12041	0.992313
1216	10000	0.992332
10000	1216	0.992332
7583	17004	0.991230
17004	7583	0.991230
7583	5970	0.991587
5970	7583	0.991587
18250	5970	0.991125
5970	18250	0.991125
18250	4481	0.991969
4481	18250	0.991969
5970	4481	0.990026
4481	5970	0.990026
155	4481	0.992841
4481	155	0.992841
13022	6988	0.990520
6988	13022	0.990520
6988	4801	0.991523
4801	6988	0.991523
7849	11311	0.992309
11311	7849	0.992309
7849	4801	0.991170
4801	7849	0.991170
19591	12528	0.998551
12528	19591	0.998551
7369	4801	0.990044
4801	7369	0.990044
2837	8534	0.992165
8534	2837	0.992165
11627	10018	0.993318
10018	11627	0.993318
18218	8011	0.990137
8011	18218	0.990137
8573	8534	0.990482
8534	8573	0.990482
8573	824	0.991229
824	8573	0.991229
16191	8534	0.990055
8534	16191	0.990055
528	159	0.993483
159	528	0.993483
12521	6014	1.000000
6014	12521	1.000000
17109	8792	0.990633
8792	17109	0.990633
17109	9848	1.000000
9848	17109	1.000000
8792	9848	0.990633
9848	8792	0.990633
7133	9817	0.990352
9817	7133	0.990352
2502	19233	0.992010
19233	2502	0.992010
13303	190	0.994185
190	13303	0.994185
3265	16112	0.990231
16112	3265	0.990231
14144	16112	0.990017
16112	14144	0.990017
18906	14273	0.990629
14273	18906	0.990629
18010	4191	0.992697
4191	18010	0.992697
2547	13295	0.990140
13295	2547	0.990140
7519	13043	0.991080
13043	7519	0.991080
8211	11161	0.990644
11161	8211	0.990644
8211	5275	0.991953
5275	8211	0.991953
6202	15299	0.992025
15299	6202	0.992025
5577	5275	0.990122
5275	5577	0.990122
18685	13323	0.990018
13323	18685	0.990018
18685	7412	0.991040
7412	18685	0.991040
18685	5275	0.991772
5275	18685	0.991772
667	17933	0.990390
17933	667	0.990390
13323	5275	0.990723
5275	13323	0.990723
13323	7832	0.993068
7832	13323	0.993068
11161	5275	0.992039
5275	11161	0.992039
13295	7412	0.990038
7412	13295	0.990038
5275	7832	0.990235
7832	5275	0.990235
180	5732	0.990529
5732	180	0.990529
18109	671	0.990604
671	18109	0.990604
2196	3218	0.992931
3218	2196	0.992931
11542	552	0.992495
552	11542	0.992495
12891	552	0.990702
552	12891	0.990702
12891	18633	0.991571
18633	12891	0.991571
9918	186	0.990226
186	9918	0.990226
6639	18012	0.990901
18012	6639	0.990901
4415	19579	0.990350
19579	4415	0.990350
496	4898	0.990690
4898	496	0.990690
5077	716	0.990036
716	5077	0.990036
8697	16399	0.990035
16399	8697	0.990035
17558	16399	0.990463
16399	17558	0.990463
5864	14245	0.990423
14245	5864	0.990423
8687	19376	0.991261
19376	8687	0.991261
5656	8925	0.993348
8925	5656	0.993348
19376	11414	0.990353
11414	19376	0.990353
201	15810	1.000000
15810	201	1.000000
15768	3248	0.991737
3248	15768	0.991737
15836	9564	0.994319
9564	15836	0.994319
15836	3248	0.990102
3248	15836	0.990102
9564	3248	0.990239
3248	9564	0.990239
19137	17041	0.994721
17041	19137	0.994721
17523	8494	0.991852
8494	17523	0.991852
12688	17588	0.990598
17588	12688	0.990598
7291	5439	0.990457
5439	7291	0.990457
1942	2923	0.990236
2923	1942	0.990236
3015	4085	0.990191
4085	3015	0.990191
3015	5396	0.992696
5396	3015	0.992696
5125	8902	0.991761
8902	5125	0.991761
9133	6736	0.990289
6736	9133	0.990289
8902	6736	0.991885
6736	8902	0.991885
3086	10889	0.991010
10889	3086	0.991010
10694	13398	0.990548
13398	10694	0.990548
7090	16619	0.992748
16619	7090	0.992748
7090	13703	0.990337
13703	7090	0.990337
11929	19819	0.992811
19819	11929	0.992811
6032	12599	0.991650
12599	6032	0.991650
16619	10080	0.993997
10080	16619	0.993997
16619	13398	0.990465
13398	16619	0.990465
16619	14483	0.990582
14483	16619	0.990582
19805	2342	0.991466
2342	19805	0.991466
19805	9672	0.991668
9672	19805	0.991668
7539	9276	0.993773
9276	7539	0.993773
7539	19662	0.990791
19662	7539	0.990791
456	3421	0.991079
3421	456	0.991079
7682	14222	1.000000
14222	7682	1.000000
13240	14795	0.990797
14795	13240	0.990797
13240	11640	0.995384
11640	13240	0.995384
17338	19523	0.991045
19523	17338	0.991045
7431	18584	0.993918
18584	7431	0.993918
8022	18191	0.992130
18191	8022	0.992130
8022	9508	0.991855
9508	8022	0.991855
8022	992	0.992199
992	8022	0.992199
9789	10874	0.990007
10874	9789	0.990007
14795	5549	0.990030
5549	14795	0.990030
14795	19304	0.992514
19304	14795	0.992514
10861	6482	0.990000
6482	10861	0.990000
10861	13293	0.991052
13293	10861	0.991052
7742	10874	0.991784
10874	7742	0.991784
14467	7472	0.992221
7472	14467	0.992221
8863	10358	0.990039
10358	8863	0.990039
17764	1092	0.990967
1092	17764	0.990967
5509	292	0.992808
292	5509	0.992808
4338	19443	0.990332
19443	4338	0.990332
4338	14113	0.992074
14113	4338	0.992074
4338	19169	0.991006
19169	4338	0.991006
4338	2342	0.990178
2342	4338	0.990178
4338	1963	0.992074
1963	4338	0.992074
14134	5821	0.993236
5821	14134	0.993236
19443	14113	0.990147
14113	19443	0.990147
19443	1963	0.990147
1963	19443	0.990147
13083	13398	0.990467
13398	13083	0.990467
13083	5206	0.990943
5206	13083	0.990943
7892	14045	0.992195
14045	7892	0.992195
7892	18527	0.991275
18527	7892	0.991275
8021	7734	0.990893
7734	8021	0.990893
14113	2342	0.991189
2342	14113	0.991189
14113	1963	1.000000
1963	14113	1.000000
14113	10358	0.990655
10358	14113	0.990655
18878	1304	0.990178
1304	18878	0.990178
17148	10358	0.992562
10358	17148	0.992562
3836	18527	0.992628
18527	3836	0.992628
9247	14483	0.990710
14483	9247	0.990710
9247	1304	0.990530
1304	9247	0.990530
5104	4670	0.990509
4670	5104	0.990509
2342	1963	0.991189
1963	2342	0.991189
14483	18527	0.992089
18527	14483	0.992089
10874	11074	0.993294
11074	10874	0.993294
9276	19662	0.994405
19662	9276	0.994405
11074	15208	0.991179
15208	11074	0.991179
1963	10358	0.990655
10358	1963	0.990655
15138	10294	0.992663
10294	15138	0.992663
17682	17709	0.991343
17709	17682	0.991343
886	11322	0.991878
11322	886	0.991878
13197	15858	0.995185
15858	13197	0.995185
9674	14551	0.991464
14551	9674	0.991464
706	2755	0.990439
2755	706	0.990439
246	18684	0.991115
18684	246	0.991115
12048	17237	0.990668
17237	12048	0.990668
5595	5113	0.990368
5113	5595	0.990368
15160	6676	0.991288
